/*--------------------------------*- C++ -*----------------------------------*\
  =========                 |
  \\      /  F ield         | OpenFOAM: The Open Source CFD Toolbox
   \\    /   O peration     | Website:  https://openfoam.org
    \\  /    A nd           | Version:  11
     \\/     M anipulation  |
\*---------------------------------------------------------------------------*/
FoamFile
{
    format      ascii;
    class       volScalarField;
    location    "30/battery1";
    object      T;
}
// * * * * * * * * * * * * * * * * * * * * * * * * * * * * * * * * * * * * * //

dimensions      [0 0 0 1 0 0 0];

internalField   nonuniform List<scalar> 
660
(
300
300
300
300
300
300
300
300
300
300
300
300
300
300
300
300
300
300
299.99999
299.99999
300
300
300
300
300
300
300
300
300
300
300
300
300
300
300
300
300
300
299.99999
299.99999
300
300
300
300
300
300
300
300
300
300
300
300
300
300
300
300
300
300
299.99999
299.99999
300
300
300
300
300
300
300
300
300
300
300
300
300
300
300
300
300
300
300
299.99999
300
300
300
300
300
300
300
300
300
300
300
300
300
300
300
300
300
300
300
299.99999
300
300
300
300
300
300
300
300
300
300
300
300
300
300
300
300
300
300
300
299.99999
300
300
300
300
300
300
300
300
300
300
300
300
300
300
300
300
300
300
300
299.99999
300
300
300
300
300
300
300
300
300
300
300
300
300
300
300
300
300
300
300
300
300
300
300
300
300
300
300
300
300
300
300
300
300
300
300
300
300
300
300
300
300
300
300
300
300
300
300
300
300
300
300
300
300
300
300
300
300
300
300
300
300
300
300
300
300
300
300
300
300
300
300
300
300
300
300
300
300
300
300
300
300
300
300
300
300
300
300
300
300
300
300
300
300
300
300
300
300
300
300
300
300
300
300
300
300
300
300
300
300
300
300
300
300
300
300
300
300
300
300
300
300
300
300
300
300
300
300
300
300
300
300
300
300
300
300
300
300
300
300
300
300
300
300
300
300
300
300
300
300
300
300
300
300
300
300
300
300
300
300
300
300
300
300
300
300
300
300
300
300
300
300
300
300
300
300
300
300
300
300
300
300
300
300
300
300
300
300
300
300
300
300
300
300
300
300
300
300
300
300
300
300
300
300
300
300
300
300
300
300
300
300
300
300
300
300
300
300
300
300
300
300
300
300
300
300
300
300
300
300
300
300
300
300
300
300
300
300
300
300
300
300
300
300
300
300
300
300
300
300
300
300
300
300
300
300
300
300
300
300
300
300
300
300
300
300
300
300
300
300
300
300
300
300
300
300
300
300
300
300
300
300
300
300
300
300
300
300
300
300
300
300
300
300
300
300
300
300
300
300
300
300
300
300
300
300
300
300
300
300
300
300
300
300
300
300
300
300
300
300
300
300
300
300
300
300
300
300
300
300
300
300
300
300
300
300
300
300
300
300
300
300
300
300
300
300
300
300
300
300
300
300
300
300
300
300
300
300
300
300
299.99999
300
300
300
300
300
300
300
300
300
300
300
300
300
300
300
300
300
300
300
300
300
300
300
300
300
300
300
300
300
300
300
300
300
300
300
300
300
300
300
300
300
300
300
300
300
300
300
300
300
300
300
300
300
300
300
300
300
300
300
299.99999
300
300
300
300
300
300
300
300
300
300
300
300
300
300
300
300
300
300
300
299.99999
300
300
300
300
300
300
300
300
300
300
300
300
300
300
300
300
300
300
300
299.99999
300
300
300
300
300
300
300
300
300
300
300
300
300
300
300
300
300
300
299.99999
299.99999
300
300
300
300
300
300
300
300
300
300
300
300
300
300
300
300
300
300
299.99999
299.99999
300
300
300
300
300
300
300
300
300
300
300
300
300
300
300
300
300
300
299.99999
299.99999
)
;

boundaryField
{
    walls
    {
        type            zeroGradient;
    }
    battery1_to_Air
    {
        type            coupledTemperature;
        refValue        nonuniform List<scalar> 
406
(
299.99998
299.99998
299.99997
299.99997
299.99997
299.99997
299.99997
299.99997
299.99997
299.99996
299.99996
299.99996
299.99996
299.99996
299.99996
299.99996
299.99996
299.99995
299.99995
299.99995
299.99999
299.99999
299.99998
299.99998
299.99998
299.99998
299.99998
299.99998
299.99998
299.99998
299.99997
299.99997
299.99997
299.99997
299.99997
299.99997
299.99997
299.99996
299.99996
299.99996
300
300
300
299.99999
299.99999
299.99999
299.99999
299.99999
299.99999
299.99999
299.99999
299.99998
299.99998
299.99998
299.99998
299.99998
299.99998
299.99998
299.99997
299.99997
299.99998
299.99995
299.99999
299.99996
300
300.00001
300.00001
300.00001
300.00001
300.00001
300
300
300
300
300
300
300
300
299.99999
299.99999
299.99999
299.99999
299.99999
299.99999
299.99997
299.99999
299.99998
299.99995
299.99999
299.99996
300
300.00001
300.00001
300.00001
300.00001
300.00001
300
300
300
300
300
300
300
300
299.99999
299.99999
299.99999
299.99999
299.99999
299.99999
299.99997
299.99999
299.99998
299.99995
299.99999
299.99996
300
300.00001
300.00001
300.00001
300.00001
300.00001
300
300
300
300
300
300
300
300
299.99999
299.99999
299.99999
299.99999
299.99999
299.99999
299.99997
299.99999
299.99998
299.99995
299.99999
299.99996
300
300.00001
300.00001
300.00001
300.00001
300.00001
300
300
300
300
300
300
300
300
299.99999
299.99999
299.99999
299.99999
299.99999
299.99999
299.99997
299.99999
299.99998
299.99995
299.99999
299.99996
300
300.00001
300.00001
300.00001
300.00001
300.00001
300
300
300
300
300
300
300
300
299.99999
299.99999
299.99999
299.99999
299.99999
299.99999
299.99997
299.99999
299.99998
299.99995
299.99999
299.99996
300
300.00001
300.00001
300.00001
300.00001
300.00001
300
300
300
300
300
300
300
300
299.99999
299.99999
299.99999
299.99999
299.99999
299.99999
299.99997
299.99999
299.99998
299.99995
299.99999
299.99996
300
300.00001
300.00001
300.00001
300.00001
300.00001
300
300
300
300
300
300
300
300
299.99999
299.99999
299.99999
299.99999
299.99999
299.99999
299.99997
299.99999
299.99998
299.99995
299.99999
299.99996
300
300.00001
300.00001
300.00001
300.00001
300.00001
300
300
300
300
300
300
300
300
299.99999
299.99999
299.99999
299.99999
299.99999
299.99999
299.99997
299.99999
299.99998
299.99995
299.99999
299.99996
300
300.00001
300.00001
300.00001
300.00001
300.00001
300
300
300
300
300
300
300
300
299.99999
299.99999
299.99999
299.99999
299.99999
299.99999
299.99997
299.99999
299.99998
299.99995
299.99999
299.99996
300
300.00001
300.00001
300.00001
300.00001
300.00001
300
300
300
300
300
300
300
300
299.99999
299.99999
299.99999
299.99999
299.99999
299.99999
299.99997
299.99999
299.99998
299.99998
299.99998
299.99997
299.99997
299.99997
299.99997
299.99997
299.99997
299.99997
299.99996
299.99996
299.99996
299.99996
299.99996
299.99996
299.99996
299.99996
299.99995
299.99995
299.99995
299.99995
299.99999
299.99999
299.99999
299.99998
299.99998
299.99998
299.99998
299.99998
299.99998
299.99998
299.99998
299.99997
299.99997
299.99997
299.99997
299.99997
299.99997
299.99997
299.99996
299.99996
299.99996
299.99996
300
300.00001
300
300.00001
300
300.00001
300
300.00001
299.99999
300.00001
299.99999
300
299.99999
300
299.99999
300
299.99999
300
299.99999
300
299.99999
300
299.99999
300
299.99998
300
299.99998
299.99999
299.99998
299.99999
299.99998
299.99999
299.99998
299.99999
299.99998
299.99999
299.99998
299.99999
299.99997
299.99997
299.99999
299.99997
)
;
        refGradient     uniform 0;
        valueFraction   nonuniform List<scalar> 
406
(
0.0075140686
0.0075140686
0.0075140686
0.0075140686
0.0075140686
0.0075140686
0.0075140686
0.0075140686
0.0075140686
0.0075140686
0.0075140686
0.0075140686
0.0075140686
0.0075140686
0.0075140686
0.0075140686
0.0075140686
0.0075140686
0.0075140686
0.0075140686
0.0075140686
0.0075140686
0.0075140686
0.0075140686
0.0075140686
0.0075140686
0.0075140686
0.0075140686
0.0075140686
0.0075140686
0.0075140686
0.0075140686
0.0075140686
0.0075140686
0.0075140686
0.0075140686
0.0075140686
0.0075140686
0.0075140686
0.0075140686
0.0075140686
0.0075140686
0.0075140686
0.0075140686
0.0075140686
0.0075140686
0.0075140686
0.0075140686
0.0075140686
0.0075140686
0.0075140686
0.0075140686
0.0075140686
0.0075140686
0.0075140686
0.0075140686
0.0075140686
0.0075140686
0.0075140686
0.0075140686
0.0075140686
0.0075140686
0.0075140686
0.0075140686
0.0075140686
0.0075140686
0.0075140686
0.0075140686
0.0075140686
0.0075140686
0.0075140686
0.0075140686
0.0075140686
0.0075140686
0.0075140686
0.0075140686
0.0075140686
0.0075140686
0.0075140686
0.0075140686
0.0075140686
0.0075140686
0.0075140686
0.0075140686
0.0075140686
0.0075140686
0.0075140686
0.0075140686
0.0075140686
0.0075140686
0.0075140686
0.0075140686
0.0075140686
0.0075140686
0.0075140686
0.0075140686
0.0075140686
0.0075140686
0.0075140686
0.0075140686
0.0075140686
0.0075140686
0.0075140686
0.0075140686
0.0075140686
0.0075140686
0.0075140686
0.0075140686
0.0075140686
0.0075140686
0.0075140686
0.0075140686
0.0075140686
0.0075140686
0.0075140686
0.0075140686
0.0075140686
0.0075140686
0.0075140686
0.0075140686
0.0075140686
0.0075140686
0.0075140686
0.0075140686
0.0075140686
0.0075140686
0.0075140686
0.0075140686
0.0075140686
0.0075140686
0.0075140686
0.0075140686
0.0075140686
0.0075140686
0.0075140686
0.0075140686
0.0075140686
0.0075140686
0.0075140686
0.0075140686
0.0075140686
0.0075140686
0.0075140686
0.0075140686
0.0075140686
0.0075140686
0.0075140686
0.0075140686
0.0075140686
0.0075140686
0.0075140686
0.0075140686
0.0075140686
0.0075140686
0.0075140686
0.0075140686
0.0075140686
0.0075140686
0.0075140686
0.0075140686
0.0075140686
0.0075140686
0.0075140686
0.0075140686
0.0075140686
0.0075140686
0.0075140686
0.0075140686
0.0075140686
0.0075140686
0.0075140686
0.0075140686
0.0075140686
0.0075140686
0.0075140686
0.0075140686
0.0075140686
0.0075140686
0.0075140686
0.0075140686
0.0075140686
0.0075140686
0.0075140686
0.0075140686
0.0075140686
0.0075140686
0.0075140686
0.0075140686
0.0075140686
0.0075140686
0.0075140686
0.0075140686
0.0075140686
0.0075140686
0.0075140686
0.0075140686
0.0075140686
0.0075140686
0.0075140686
0.0075140686
0.0075140686
0.0075140686
0.0075140686
0.0075140686
0.0075140686
0.0075140686
0.0075140686
0.0075140686
0.0075140686
0.0075140686
0.0075140686
0.0075140686
0.0075140686
0.0075140686
0.0075140686
0.0075140686
0.0075140686
0.0075140686
0.0075140686
0.0075140686
0.0075140686
0.0075140686
0.0075140686
0.0075140686
0.0075140686
0.0075140686
0.0075140686
0.0075140686
0.0075140686
0.0075140686
0.0075140686
0.0075140686
0.0075140686
0.0075140686
0.0075140686
0.0075140686
0.0075140686
0.0075140686
0.0075140686
0.0075140686
0.0075140686
0.0075140686
0.0075140686
0.0075140686
0.0075140686
0.0075140686
0.0075140686
0.0075140686
0.0075140686
0.0075140686
0.0075140686
0.0075140686
0.0075140686
0.0075140686
0.0075140686
0.0075140686
0.0075140686
0.0075140686
0.0075140686
0.0075140686
0.0075140686
0.0075140686
0.0075140686
0.0075140686
0.0075140686
0.0075140686
0.0075140686
0.0075140686
0.0075140686
0.0075140686
0.0075140686
0.0075140686
0.0075140686
0.0075140686
0.0075140686
0.0075140686
0.0075140686
0.0075140686
0.0075140686
0.0075140686
0.0075140686
0.0075140686
0.0075140686
0.0075140686
0.0075140686
0.0075140686
0.0075140686
0.0075140686
0.0075140686
0.0075140686
0.0075140686
0.0075140686
0.0075140686
0.0075140686
0.0075140686
0.0075140686
0.0075140686
0.0075140686
0.0075140686
0.0075140686
0.0075140686
0.0075140686
0.0075140686
0.0075140686
0.0075140686
0.0075140686
0.0075140686
0.0075140686
0.0075140686
0.0075140686
0.0075140686
0.0075140686
0.0075140686
0.0075140686
0.0075140686
0.0075140686
0.0075140686
0.0075140686
0.0075140686
0.0075140686
0.0075140686
0.0075140686
0.0075140686
0.0075140686
0.0075140686
0.0075140686
0.0075140686
0.0075140686
0.0075140686
0.0075140686
0.0075140686
0.0075140686
0.0075140686
0.0075140686
0.0075140686
0.0075140686
0.0075140686
0.0075140686
0.0075140686
0.0075140686
0.0075140686
0.0075140686
0.0075140686
0.0075140686
0.0075140686
0.0075140686
0.0075140686
0.0075140686
0.0075140686
0.0075140686
0.0075140686
0.0075140686
0.0075140686
0.0075140686
0.0075140686
0.0075140686
0.0075140686
0.0075140686
0.0075140686
0.0075140686
0.0075140686
0.0075140686
0.0075140686
0.0075140686
0.0075140686
0.0075140686
0.0075140686
0.0075140686
0.0075140686
0.0075140686
0.0075140686
0.0075140686
0.0075140686
0.0075140686
0.0075140686
0.0075140686
0.0075140686
0.0075140686
0.0075140686
0.0075140686
0.0075140686
0.0075140686
0.0075140686
0.0075140686
0.0075140686
0.0075140686
0.0075140686
0.0075140686
0.0075140686
0.0075140686
0.0075140686
0.0075140686
0.0075140686
0.0075140686
0.0075140686
0.0075140686
0.0075140686
0.0075140686
0.0075140686
0.0075140686
0.0075140686
0.0075140686
0.0075140686
0.0075140686
0.0075140686
0.0075140686
)
;
        value           nonuniform List<scalar> 
406
(
300
300
300
300
300
300
300
300
300
300
300
300
300
300
300
300
300
300
299.99999
299.99999
300
300
300
300
300
300
300
300
300
300
300
300
300
300
300
300
300
300
299.99999
299.99999
300
300
300
300
300
300
300
300
300
300
300
300
300
300
300
300
300
300
299.99999
299.99999
300
299.99999
300
299.99999
300
300
300
300
300
300
300
300
300
300
300
300
300
300
300
300
300
300
300
300
299.99999
299.99999
300
299.99999
300
299.99999
300
300
300
300
300
300
300
300
300
300
300
300
300
300
300
300
300
300
300
300
299.99999
299.99999
300
299.99999
300
299.99999
300
300
300
300
300
300
300
300
300
300
300
300
300
300
300
300
300
300
300
300
300
300
300
300
300
300
300
300
300
300
300
300
300
300
300
300
300
300
300
300
300
300
300
300
300
300
300
300
300
300
300
300
300
300
300
300
300
300
300
300
300
300
300
300
300
300
300
300
300
300
300
300
300
300
300
300
300
300
300
300
300
300
300
300
300
300
300
300
300
300
300
300
300
300
300
300
300
300
300
300
300
300
300
300
300
300
300
300
300
300
300
300
300
300
300
300
300
300
300
300
300
300
300
300
300
300
300
300
300
300
300
300
300
300
300
300
300
300
300
300
300
300
300
300
300
300
300
300
300
300
300
300
300
299.99999
300
299.99999
300
300
300
300
300
300
300
300
300
300
300
300
300
300
300
300
300
300
300
300
300
300
300
299.99999
300
299.99999
300
300
300
300
300
300
300
300
300
300
300
300
300
300
300
300
300
300
300
300
299.99999
299.99999
300
300
300
300
300
300
300
300
300
300
300
300
300
300
300
300
300
300
300
299.99999
299.99999
299.99999
300
300
300
300
300
300
300
300
300
300
300
300
300
300
300
300
300
300
300
299.99999
299.99999
299.99999
300
300
300
300
300
300
300
300
300
300
300
300
300
300
300
300
300
300
300
300
300
300
300
300
300
300
300
300
300
300
300
300
300
300
300
300
300
299.99999
299.99999
299.99999
299.99999
299.99999
)
;
    }
}


// ************************************************************************* //
