/*--------------------------------*- C++ -*----------------------------------*\
  =========                 |
  \\      /  F ield         | OpenFOAM: The Open Source CFD Toolbox
   \\    /   O peration     | Website:  https://openfoam.org
    \\  /    A nd           | Version:  11
     \\/     M anipulation  |
\*---------------------------------------------------------------------------*/
FoamFile
{
    format      ascii;
    class       faceList;
    location    "constant/battery1/polyMesh";
    object      faces;
}
// * * * * * * * * * * * * * * * * * * * * * * * * * * * * * * * * * * * * * //


2293
(
4(1 22 106 85)
4(21 105 106 22)
4(84 85 106 105)
4(2 23 107 86)
4(22 106 107 23)
4(85 86 107 106)
4(3 24 108 87)
4(23 107 108 24)
4(86 87 108 107)
4(4 25 109 88)
4(24 108 109 25)
4(87 88 109 108)
4(5 26 110 89)
4(25 109 110 26)
4(88 89 110 109)
4(6 27 111 90)
4(26 110 111 27)
4(89 90 111 110)
4(7 28 112 91)
4(27 111 112 28)
4(90 91 112 111)
4(8 29 113 92)
4(28 112 113 29)
4(91 92 113 112)
4(9 30 114 93)
4(29 113 114 30)
4(92 93 114 113)
4(10 31 115 94)
4(30 114 115 31)
4(93 94 115 114)
4(11 32 116 95)
4(31 115 116 32)
4(94 95 116 115)
4(12 33 117 96)
4(32 116 117 33)
4(95 96 117 116)
4(13 34 118 97)
4(33 117 118 34)
4(96 97 118 117)
4(14 35 119 98)
4(34 118 119 35)
4(97 98 119 118)
4(15 36 120 99)
4(35 119 120 36)
4(98 99 120 119)
4(16 37 121 100)
4(36 120 121 37)
4(99 100 121 120)
4(17 38 122 101)
4(37 121 122 38)
4(100 101 122 121)
4(18 39 123 102)
4(38 122 123 39)
4(101 102 123 122)
4(19 40 124 103)
4(39 123 124 40)
4(102 103 124 123)
4(40 124 125 41)
4(103 104 125 124)
4(22 43 127 106)
4(42 126 127 43)
4(105 106 127 126)
4(23 44 128 107)
4(43 127 128 44)
4(106 107 128 127)
4(24 45 129 108)
4(44 128 129 45)
4(107 108 129 128)
4(25 46 130 109)
4(45 129 130 46)
4(108 109 130 129)
4(26 47 131 110)
4(46 130 131 47)
4(109 110 131 130)
4(27 48 132 111)
4(47 131 132 48)
4(110 111 132 131)
4(28 49 133 112)
4(48 132 133 49)
4(111 112 133 132)
4(29 50 134 113)
4(49 133 134 50)
4(112 113 134 133)
4(30 51 135 114)
4(50 134 135 51)
4(113 114 135 134)
4(31 52 136 115)
4(51 135 136 52)
4(114 115 136 135)
4(32 53 137 116)
4(52 136 137 53)
4(115 116 137 136)
4(33 54 138 117)
4(53 137 138 54)
4(116 117 138 137)
4(34 55 139 118)
4(54 138 139 55)
4(117 118 139 138)
4(35 56 140 119)
4(55 139 140 56)
4(118 119 140 139)
4(36 57 141 120)
4(56 140 141 57)
4(119 120 141 140)
4(37 58 142 121)
4(57 141 142 58)
4(120 121 142 141)
4(38 59 143 122)
4(58 142 143 59)
4(121 122 143 142)
4(39 60 144 123)
4(59 143 144 60)
4(122 123 144 143)
4(40 61 145 124)
4(60 144 145 61)
4(123 124 145 144)
4(61 145 146 62)
4(124 125 146 145)
4(43 64 148 127)
4(126 127 148 147)
4(44 65 149 128)
4(127 128 149 148)
4(45 66 150 129)
4(128 129 150 149)
4(46 67 151 130)
4(129 130 151 150)
4(47 68 152 131)
4(130 131 152 151)
4(48 69 153 132)
4(131 132 153 152)
4(49 70 154 133)
4(132 133 154 153)
4(50 71 155 134)
4(133 134 155 154)
4(51 72 156 135)
4(134 135 156 155)
4(52 73 157 136)
4(135 136 157 156)
4(53 74 158 137)
4(136 137 158 157)
4(54 75 159 138)
4(137 138 159 158)
4(55 76 160 139)
4(138 139 160 159)
4(56 77 161 140)
4(139 140 161 160)
4(57 78 162 141)
4(140 141 162 161)
4(58 79 163 142)
4(141 142 163 162)
4(59 80 164 143)
4(142 143 164 163)
4(60 81 165 144)
4(143 144 165 164)
4(61 82 166 145)
4(144 145 166 165)
4(145 146 167 166)
4(85 106 190 169)
4(105 189 190 106)
4(168 169 190 189)
4(86 107 191 170)
4(106 190 191 107)
4(169 170 191 190)
4(87 108 192 171)
4(107 191 192 108)
4(170 171 192 191)
4(88 109 193 172)
4(108 192 193 109)
4(171 172 193 192)
4(89 110 194 173)
4(109 193 194 110)
4(172 173 194 193)
4(90 111 195 174)
4(110 194 195 111)
4(173 174 195 194)
4(91 112 196 175)
4(111 195 196 112)
4(174 175 196 195)
4(92 113 197 176)
4(112 196 197 113)
4(175 176 197 196)
4(93 114 198 177)
4(113 197 198 114)
4(176 177 198 197)
4(94 115 199 178)
4(114 198 199 115)
4(177 178 199 198)
4(95 116 200 179)
4(115 199 200 116)
4(178 179 200 199)
4(96 117 201 180)
4(116 200 201 117)
4(179 180 201 200)
4(97 118 202 181)
4(117 201 202 118)
4(180 181 202 201)
4(98 119 203 182)
4(118 202 203 119)
4(181 182 203 202)
4(99 120 204 183)
4(119 203 204 120)
4(182 183 204 203)
4(100 121 205 184)
4(120 204 205 121)
4(183 184 205 204)
4(101 122 206 185)
4(121 205 206 122)
4(184 185 206 205)
4(102 123 207 186)
4(122 206 207 123)
4(185 186 207 206)
4(103 124 208 187)
4(123 207 208 124)
4(186 187 208 207)
4(124 208 209 125)
4(187 188 209 208)
4(106 127 211 190)
4(126 210 211 127)
4(189 190 211 210)
4(107 128 212 191)
4(127 211 212 128)
4(190 191 212 211)
4(108 129 213 192)
4(128 212 213 129)
4(191 192 213 212)
4(109 130 214 193)
4(129 213 214 130)
4(192 193 214 213)
4(110 131 215 194)
4(130 214 215 131)
4(193 194 215 214)
4(111 132 216 195)
4(131 215 216 132)
4(194 195 216 215)
4(112 133 217 196)
4(132 216 217 133)
4(195 196 217 216)
4(113 134 218 197)
4(133 217 218 134)
4(196 197 218 217)
4(114 135 219 198)
4(134 218 219 135)
4(197 198 219 218)
4(115 136 220 199)
4(135 219 220 136)
4(198 199 220 219)
4(116 137 221 200)
4(136 220 221 137)
4(199 200 221 220)
4(117 138 222 201)
4(137 221 222 138)
4(200 201 222 221)
4(118 139 223 202)
4(138 222 223 139)
4(201 202 223 222)
4(119 140 224 203)
4(139 223 224 140)
4(202 203 224 223)
4(120 141 225 204)
4(140 224 225 141)
4(203 204 225 224)
4(121 142 226 205)
4(141 225 226 142)
4(204 205 226 225)
4(122 143 227 206)
4(142 226 227 143)
4(205 206 227 226)
4(123 144 228 207)
4(143 227 228 144)
4(206 207 228 227)
4(124 145 229 208)
4(144 228 229 145)
4(207 208 229 228)
4(145 229 230 146)
4(208 209 230 229)
4(127 148 232 211)
4(210 211 232 231)
4(128 149 233 212)
4(211 212 233 232)
4(129 150 234 213)
4(212 213 234 233)
4(130 151 235 214)
4(213 214 235 234)
4(131 152 236 215)
4(214 215 236 235)
4(132 153 237 216)
4(215 216 237 236)
4(133 154 238 217)
4(216 217 238 237)
4(134 155 239 218)
4(217 218 239 238)
4(135 156 240 219)
4(218 219 240 239)
4(136 157 241 220)
4(219 220 241 240)
4(137 158 242 221)
4(220 221 242 241)
4(138 159 243 222)
4(221 222 243 242)
4(139 160 244 223)
4(222 223 244 243)
4(140 161 245 224)
4(223 224 245 244)
4(141 162 246 225)
4(224 225 246 245)
4(142 163 247 226)
4(225 226 247 246)
4(143 164 248 227)
4(226 227 248 247)
4(144 165 249 228)
4(227 228 249 248)
4(145 166 250 229)
4(228 229 250 249)
4(229 230 251 250)
4(169 190 274 253)
4(189 273 274 190)
4(252 253 274 273)
4(170 191 275 254)
4(190 274 275 191)
4(253 254 275 274)
4(171 192 276 255)
4(191 275 276 192)
4(254 255 276 275)
4(172 193 277 256)
4(192 276 277 193)
4(255 256 277 276)
4(173 194 278 257)
4(193 277 278 194)
4(256 257 278 277)
4(174 195 279 258)
4(194 278 279 195)
4(257 258 279 278)
4(175 196 280 259)
4(195 279 280 196)
4(258 259 280 279)
4(176 197 281 260)
4(196 280 281 197)
4(259 260 281 280)
4(177 198 282 261)
4(197 281 282 198)
4(260 261 282 281)
4(178 199 283 262)
4(198 282 283 199)
4(261 262 283 282)
4(179 200 284 263)
4(199 283 284 200)
4(262 263 284 283)
4(180 201 285 264)
4(200 284 285 201)
4(263 264 285 284)
4(181 202 286 265)
4(201 285 286 202)
4(264 265 286 285)
4(182 203 287 266)
4(202 286 287 203)
4(265 266 287 286)
4(183 204 288 267)
4(203 287 288 204)
4(266 267 288 287)
4(184 205 289 268)
4(204 288 289 205)
4(267 268 289 288)
4(185 206 290 269)
4(205 289 290 206)
4(268 269 290 289)
4(186 207 291 270)
4(206 290 291 207)
4(269 270 291 290)
4(187 208 292 271)
4(207 291 292 208)
4(270 271 292 291)
4(208 292 293 209)
4(271 272 293 292)
4(190 211 295 274)
4(210 294 295 211)
4(273 274 295 294)
4(191 212 296 275)
4(211 295 296 212)
4(274 275 296 295)
4(192 213 297 276)
4(212 296 297 213)
4(275 276 297 296)
4(193 214 298 277)
4(213 297 298 214)
4(276 277 298 297)
4(194 215 299 278)
4(214 298 299 215)
4(277 278 299 298)
4(195 216 300 279)
4(215 299 300 216)
4(278 279 300 299)
4(196 217 301 280)
4(216 300 301 217)
4(279 280 301 300)
4(197 218 302 281)
4(217 301 302 218)
4(280 281 302 301)
4(198 219 303 282)
4(218 302 303 219)
4(281 282 303 302)
4(199 220 304 283)
4(219 303 304 220)
4(282 283 304 303)
4(200 221 305 284)
4(220 304 305 221)
4(283 284 305 304)
4(201 222 306 285)
4(221 305 306 222)
4(284 285 306 305)
4(202 223 307 286)
4(222 306 307 223)
4(285 286 307 306)
4(203 224 308 287)
4(223 307 308 224)
4(286 287 308 307)
4(204 225 309 288)
4(224 308 309 225)
4(287 288 309 308)
4(205 226 310 289)
4(225 309 310 226)
4(288 289 310 309)
4(206 227 311 290)
4(226 310 311 227)
4(289 290 311 310)
4(207 228 312 291)
4(227 311 312 228)
4(290 291 312 311)
4(208 229 313 292)
4(228 312 313 229)
4(291 292 313 312)
4(229 313 314 230)
4(292 293 314 313)
4(211 232 316 295)
4(294 295 316 315)
4(212 233 317 296)
4(295 296 317 316)
4(213 234 318 297)
4(296 297 318 317)
4(214 235 319 298)
4(297 298 319 318)
4(215 236 320 299)
4(298 299 320 319)
4(216 237 321 300)
4(299 300 321 320)
4(217 238 322 301)
4(300 301 322 321)
4(218 239 323 302)
4(301 302 323 322)
4(219 240 324 303)
4(302 303 324 323)
4(220 241 325 304)
4(303 304 325 324)
4(221 242 326 305)
4(304 305 326 325)
4(222 243 327 306)
4(305 306 327 326)
4(223 244 328 307)
4(306 307 328 327)
4(224 245 329 308)
4(307 308 329 328)
4(225 246 330 309)
4(308 309 330 329)
4(226 247 331 310)
4(309 310 331 330)
4(227 248 332 311)
4(310 311 332 331)
4(228 249 333 312)
4(311 312 333 332)
4(229 250 334 313)
4(312 313 334 333)
4(313 314 335 334)
4(253 274 358 337)
4(273 357 358 274)
4(336 337 358 357)
4(254 275 359 338)
4(274 358 359 275)
4(337 338 359 358)
4(255 276 360 339)
4(275 359 360 276)
4(338 339 360 359)
4(256 277 361 340)
4(276 360 361 277)
4(339 340 361 360)
4(257 278 362 341)
4(277 361 362 278)
4(340 341 362 361)
4(258 279 363 342)
4(278 362 363 279)
4(341 342 363 362)
4(259 280 364 343)
4(279 363 364 280)
4(342 343 364 363)
4(260 281 365 344)
4(280 364 365 281)
4(343 344 365 364)
4(261 282 366 345)
4(281 365 366 282)
4(344 345 366 365)
4(262 283 367 346)
4(282 366 367 283)
4(345 346 367 366)
4(263 284 368 347)
4(283 367 368 284)
4(346 347 368 367)
4(264 285 369 348)
4(284 368 369 285)
4(347 348 369 368)
4(265 286 370 349)
4(285 369 370 286)
4(348 349 370 369)
4(266 287 371 350)
4(286 370 371 287)
4(349 350 371 370)
4(267 288 372 351)
4(287 371 372 288)
4(350 351 372 371)
4(268 289 373 352)
4(288 372 373 289)
4(351 352 373 372)
4(269 290 374 353)
4(289 373 374 290)
4(352 353 374 373)
4(270 291 375 354)
4(290 374 375 291)
4(353 354 375 374)
4(271 292 376 355)
4(291 375 376 292)
4(354 355 376 375)
4(292 376 377 293)
4(355 356 377 376)
4(274 295 379 358)
4(294 378 379 295)
4(357 358 379 378)
4(275 296 380 359)
4(295 379 380 296)
4(358 359 380 379)
4(276 297 381 360)
4(296 380 381 297)
4(359 360 381 380)
4(277 298 382 361)
4(297 381 382 298)
4(360 361 382 381)
4(278 299 383 362)
4(298 382 383 299)
4(361 362 383 382)
4(279 300 384 363)
4(299 383 384 300)
4(362 363 384 383)
4(280 301 385 364)
4(300 384 385 301)
4(363 364 385 384)
4(281 302 386 365)
4(301 385 386 302)
4(364 365 386 385)
4(282 303 387 366)
4(302 386 387 303)
4(365 366 387 386)
4(283 304 388 367)
4(303 387 388 304)
4(366 367 388 387)
4(284 305 389 368)
4(304 388 389 305)
4(367 368 389 388)
4(285 306 390 369)
4(305 389 390 306)
4(368 369 390 389)
4(286 307 391 370)
4(306 390 391 307)
4(369 370 391 390)
4(287 308 392 371)
4(307 391 392 308)
4(370 371 392 391)
4(288 309 393 372)
4(308 392 393 309)
4(371 372 393 392)
4(289 310 394 373)
4(309 393 394 310)
4(372 373 394 393)
4(290 311 395 374)
4(310 394 395 311)
4(373 374 395 394)
4(291 312 396 375)
4(311 395 396 312)
4(374 375 396 395)
4(292 313 397 376)
4(312 396 397 313)
4(375 376 397 396)
4(313 397 398 314)
4(376 377 398 397)
4(295 316 400 379)
4(378 379 400 399)
4(296 317 401 380)
4(379 380 401 400)
4(297 318 402 381)
4(380 381 402 401)
4(298 319 403 382)
4(381 382 403 402)
4(299 320 404 383)
4(382 383 404 403)
4(300 321 405 384)
4(383 384 405 404)
4(301 322 406 385)
4(384 385 406 405)
4(302 323 407 386)
4(385 386 407 406)
4(303 324 408 387)
4(386 387 408 407)
4(304 325 409 388)
4(387 388 409 408)
4(305 326 410 389)
4(388 389 410 409)
4(306 327 411 390)
4(389 390 411 410)
4(307 328 412 391)
4(390 391 412 411)
4(308 329 413 392)
4(391 392 413 412)
4(309 330 414 393)
4(392 393 414 413)
4(310 331 415 394)
4(393 394 415 414)
4(311 332 416 395)
4(394 395 416 415)
4(312 333 417 396)
4(395 396 417 416)
4(313 334 418 397)
4(396 397 418 417)
4(397 398 419 418)
4(337 358 442 421)
4(357 441 442 358)
4(420 421 442 441)
4(338 359 443 422)
4(358 442 443 359)
4(421 422 443 442)
4(339 360 444 423)
4(359 443 444 360)
4(422 423 444 443)
4(340 361 445 424)
4(360 444 445 361)
4(423 424 445 444)
4(341 362 446 425)
4(361 445 446 362)
4(424 425 446 445)
4(342 363 447 426)
4(362 446 447 363)
4(425 426 447 446)
4(343 364 448 427)
4(363 447 448 364)
4(426 427 448 447)
4(344 365 449 428)
4(364 448 449 365)
4(427 428 449 448)
4(345 366 450 429)
4(365 449 450 366)
4(428 429 450 449)
4(346 367 451 430)
4(366 450 451 367)
4(429 430 451 450)
4(347 368 452 431)
4(367 451 452 368)
4(430 431 452 451)
4(348 369 453 432)
4(368 452 453 369)
4(431 432 453 452)
4(349 370 454 433)
4(369 453 454 370)
4(432 433 454 453)
4(350 371 455 434)
4(370 454 455 371)
4(433 434 455 454)
4(351 372 456 435)
4(371 455 456 372)
4(434 435 456 455)
4(352 373 457 436)
4(372 456 457 373)
4(435 436 457 456)
4(353 374 458 437)
4(373 457 458 374)
4(436 437 458 457)
4(354 375 459 438)
4(374 458 459 375)
4(437 438 459 458)
4(355 376 460 439)
4(375 459 460 376)
4(438 439 460 459)
4(376 460 461 377)
4(439 440 461 460)
4(358 379 463 442)
4(378 462 463 379)
4(441 442 463 462)
4(359 380 464 443)
4(379 463 464 380)
4(442 443 464 463)
4(360 381 465 444)
4(380 464 465 381)
4(443 444 465 464)
4(361 382 466 445)
4(381 465 466 382)
4(444 445 466 465)
4(362 383 467 446)
4(382 466 467 383)
4(445 446 467 466)
4(363 384 468 447)
4(383 467 468 384)
4(446 447 468 467)
4(364 385 469 448)
4(384 468 469 385)
4(447 448 469 468)
4(365 386 470 449)
4(385 469 470 386)
4(448 449 470 469)
4(366 387 471 450)
4(386 470 471 387)
4(449 450 471 470)
4(367 388 472 451)
4(387 471 472 388)
4(450 451 472 471)
4(368 389 473 452)
4(388 472 473 389)
4(451 452 473 472)
4(369 390 474 453)
4(389 473 474 390)
4(452 453 474 473)
4(370 391 475 454)
4(390 474 475 391)
4(453 454 475 474)
4(371 392 476 455)
4(391 475 476 392)
4(454 455 476 475)
4(372 393 477 456)
4(392 476 477 393)
4(455 456 477 476)
4(373 394 478 457)
4(393 477 478 394)
4(456 457 478 477)
4(374 395 479 458)
4(394 478 479 395)
4(457 458 479 478)
4(375 396 480 459)
4(395 479 480 396)
4(458 459 480 479)
4(376 397 481 460)
4(396 480 481 397)
4(459 460 481 480)
4(397 481 482 398)
4(460 461 482 481)
4(379 400 484 463)
4(462 463 484 483)
4(380 401 485 464)
4(463 464 485 484)
4(381 402 486 465)
4(464 465 486 485)
4(382 403 487 466)
4(465 466 487 486)
4(383 404 488 467)
4(466 467 488 487)
4(384 405 489 468)
4(467 468 489 488)
4(385 406 490 469)
4(468 469 490 489)
4(386 407 491 470)
4(469 470 491 490)
4(387 408 492 471)
4(470 471 492 491)
4(388 409 493 472)
4(471 472 493 492)
4(389 410 494 473)
4(472 473 494 493)
4(390 411 495 474)
4(473 474 495 494)
4(391 412 496 475)
4(474 475 496 495)
4(392 413 497 476)
4(475 476 497 496)
4(393 414 498 477)
4(476 477 498 497)
4(394 415 499 478)
4(477 478 499 498)
4(395 416 500 479)
4(478 479 500 499)
4(396 417 501 480)
4(479 480 501 500)
4(397 418 502 481)
4(480 481 502 501)
4(481 482 503 502)
4(421 442 526 505)
4(441 525 526 442)
4(504 505 526 525)
4(422 443 527 506)
4(442 526 527 443)
4(505 506 527 526)
4(423 444 528 507)
4(443 527 528 444)
4(506 507 528 527)
4(424 445 529 508)
4(444 528 529 445)
4(507 508 529 528)
4(425 446 530 509)
4(445 529 530 446)
4(508 509 530 529)
4(426 447 531 510)
4(446 530 531 447)
4(509 510 531 530)
4(427 448 532 511)
4(447 531 532 448)
4(510 511 532 531)
4(428 449 533 512)
4(448 532 533 449)
4(511 512 533 532)
4(429 450 534 513)
4(449 533 534 450)
4(512 513 534 533)
4(430 451 535 514)
4(450 534 535 451)
4(513 514 535 534)
4(431 452 536 515)
4(451 535 536 452)
4(514 515 536 535)
4(432 453 537 516)
4(452 536 537 453)
4(515 516 537 536)
4(433 454 538 517)
4(453 537 538 454)
4(516 517 538 537)
4(434 455 539 518)
4(454 538 539 455)
4(517 518 539 538)
4(435 456 540 519)
4(455 539 540 456)
4(518 519 540 539)
4(436 457 541 520)
4(456 540 541 457)
4(519 520 541 540)
4(437 458 542 521)
4(457 541 542 458)
4(520 521 542 541)
4(438 459 543 522)
4(458 542 543 459)
4(521 522 543 542)
4(439 460 544 523)
4(459 543 544 460)
4(522 523 544 543)
4(460 544 545 461)
4(523 524 545 544)
4(442 463 547 526)
4(462 546 547 463)
4(525 526 547 546)
4(443 464 548 527)
4(463 547 548 464)
4(526 527 548 547)
4(444 465 549 528)
4(464 548 549 465)
4(527 528 549 548)
4(445 466 550 529)
4(465 549 550 466)
4(528 529 550 549)
4(446 467 551 530)
4(466 550 551 467)
4(529 530 551 550)
4(447 468 552 531)
4(467 551 552 468)
4(530 531 552 551)
4(448 469 553 532)
4(468 552 553 469)
4(531 532 553 552)
4(449 470 554 533)
4(469 553 554 470)
4(532 533 554 553)
4(450 471 555 534)
4(470 554 555 471)
4(533 534 555 554)
4(451 472 556 535)
4(471 555 556 472)
4(534 535 556 555)
4(452 473 557 536)
4(472 556 557 473)
4(535 536 557 556)
4(453 474 558 537)
4(473 557 558 474)
4(536 537 558 557)
4(454 475 559 538)
4(474 558 559 475)
4(537 538 559 558)
4(455 476 560 539)
4(475 559 560 476)
4(538 539 560 559)
4(456 477 561 540)
4(476 560 561 477)
4(539 540 561 560)
4(457 478 562 541)
4(477 561 562 478)
4(540 541 562 561)
4(458 479 563 542)
4(478 562 563 479)
4(541 542 563 562)
4(459 480 564 543)
4(479 563 564 480)
4(542 543 564 563)
4(460 481 565 544)
4(480 564 565 481)
4(543 544 565 564)
4(481 565 566 482)
4(544 545 566 565)
4(463 484 568 547)
4(546 547 568 567)
4(464 485 569 548)
4(547 548 569 568)
4(465 486 570 549)
4(548 549 570 569)
4(466 487 571 550)
4(549 550 571 570)
4(467 488 572 551)
4(550 551 572 571)
4(468 489 573 552)
4(551 552 573 572)
4(469 490 574 553)
4(552 553 574 573)
4(470 491 575 554)
4(553 554 575 574)
4(471 492 576 555)
4(554 555 576 575)
4(472 493 577 556)
4(555 556 577 576)
4(473 494 578 557)
4(556 557 578 577)
4(474 495 579 558)
4(557 558 579 578)
4(475 496 580 559)
4(558 559 580 579)
4(476 497 581 560)
4(559 560 581 580)
4(477 498 582 561)
4(560 561 582 581)
4(478 499 583 562)
4(561 562 583 582)
4(479 500 584 563)
4(562 563 584 583)
4(480 501 585 564)
4(563 564 585 584)
4(481 502 586 565)
4(564 565 586 585)
4(565 566 587 586)
4(505 526 610 589)
4(525 609 610 526)
4(588 589 610 609)
4(506 527 611 590)
4(526 610 611 527)
4(589 590 611 610)
4(507 528 612 591)
4(527 611 612 528)
4(590 591 612 611)
4(508 529 613 592)
4(528 612 613 529)
4(591 592 613 612)
4(509 530 614 593)
4(529 613 614 530)
4(592 593 614 613)
4(510 531 615 594)
4(530 614 615 531)
4(593 594 615 614)
4(511 532 616 595)
4(531 615 616 532)
4(594 595 616 615)
4(512 533 617 596)
4(532 616 617 533)
4(595 596 617 616)
4(513 534 618 597)
4(533 617 618 534)
4(596 597 618 617)
4(514 535 619 598)
4(534 618 619 535)
4(597 598 619 618)
4(515 536 620 599)
4(535 619 620 536)
4(598 599 620 619)
4(516 537 621 600)
4(536 620 621 537)
4(599 600 621 620)
4(517 538 622 601)
4(537 621 622 538)
4(600 601 622 621)
4(518 539 623 602)
4(538 622 623 539)
4(601 602 623 622)
4(519 540 624 603)
4(539 623 624 540)
4(602 603 624 623)
4(520 541 625 604)
4(540 624 625 541)
4(603 604 625 624)
4(521 542 626 605)
4(541 625 626 542)
4(604 605 626 625)
4(522 543 627 606)
4(542 626 627 543)
4(605 606 627 626)
4(523 544 628 607)
4(543 627 628 544)
4(606 607 628 627)
4(544 628 629 545)
4(607 608 629 628)
4(526 547 631 610)
4(546 630 631 547)
4(609 610 631 630)
4(527 548 632 611)
4(547 631 632 548)
4(610 611 632 631)
4(528 549 633 612)
4(548 632 633 549)
4(611 612 633 632)
4(529 550 634 613)
4(549 633 634 550)
4(612 613 634 633)
4(530 551 635 614)
4(550 634 635 551)
4(613 614 635 634)
4(531 552 636 615)
4(551 635 636 552)
4(614 615 636 635)
4(532 553 637 616)
4(552 636 637 553)
4(615 616 637 636)
4(533 554 638 617)
4(553 637 638 554)
4(616 617 638 637)
4(534 555 639 618)
4(554 638 639 555)
4(617 618 639 638)
4(535 556 640 619)
4(555 639 640 556)
4(618 619 640 639)
4(536 557 641 620)
4(556 640 641 557)
4(619 620 641 640)
4(537 558 642 621)
4(557 641 642 558)
4(620 621 642 641)
4(538 559 643 622)
4(558 642 643 559)
4(621 622 643 642)
4(539 560 644 623)
4(559 643 644 560)
4(622 623 644 643)
4(540 561 645 624)
4(560 644 645 561)
4(623 624 645 644)
4(541 562 646 625)
4(561 645 646 562)
4(624 625 646 645)
4(542 563 647 626)
4(562 646 647 563)
4(625 626 647 646)
4(543 564 648 627)
4(563 647 648 564)
4(626 627 648 647)
4(544 565 649 628)
4(564 648 649 565)
4(627 628 649 648)
4(565 649 650 566)
4(628 629 650 649)
4(547 568 652 631)
4(630 631 652 651)
4(548 569 653 632)
4(631 632 653 652)
4(549 570 654 633)
4(632 633 654 653)
4(550 571 655 634)
4(633 634 655 654)
4(551 572 656 635)
4(634 635 656 655)
4(552 573 657 636)
4(635 636 657 656)
4(553 574 658 637)
4(636 637 658 657)
4(554 575 659 638)
4(637 638 659 658)
4(555 576 660 639)
4(638 639 660 659)
4(556 577 661 640)
4(639 640 661 660)
4(557 578 662 641)
4(640 641 662 661)
4(558 579 663 642)
4(641 642 663 662)
4(559 580 664 643)
4(642 643 664 663)
4(560 581 665 644)
4(643 644 665 664)
4(561 582 666 645)
4(644 645 666 665)
4(562 583 667 646)
4(645 646 667 666)
4(563 584 668 647)
4(646 647 668 667)
4(564 585 669 648)
4(647 648 669 668)
4(565 586 670 649)
4(648 649 670 669)
4(649 650 671 670)
4(589 610 694 673)
4(609 693 694 610)
4(672 673 694 693)
4(590 611 695 674)
4(610 694 695 611)
4(673 674 695 694)
4(591 612 696 675)
4(611 695 696 612)
4(674 675 696 695)
4(592 613 697 676)
4(612 696 697 613)
4(675 676 697 696)
4(593 614 698 677)
4(613 697 698 614)
4(676 677 698 697)
4(594 615 699 678)
4(614 698 699 615)
4(677 678 699 698)
4(595 616 700 679)
4(615 699 700 616)
4(678 679 700 699)
4(596 617 701 680)
4(616 700 701 617)
4(679 680 701 700)
4(597 618 702 681)
4(617 701 702 618)
4(680 681 702 701)
4(598 619 703 682)
4(618 702 703 619)
4(681 682 703 702)
4(599 620 704 683)
4(619 703 704 620)
4(682 683 704 703)
4(600 621 705 684)
4(620 704 705 621)
4(683 684 705 704)
4(601 622 706 685)
4(621 705 706 622)
4(684 685 706 705)
4(602 623 707 686)
4(622 706 707 623)
4(685 686 707 706)
4(603 624 708 687)
4(623 707 708 624)
4(686 687 708 707)
4(604 625 709 688)
4(624 708 709 625)
4(687 688 709 708)
4(605 626 710 689)
4(625 709 710 626)
4(688 689 710 709)
4(606 627 711 690)
4(626 710 711 627)
4(689 690 711 710)
4(607 628 712 691)
4(627 711 712 628)
4(690 691 712 711)
4(628 712 713 629)
4(691 692 713 712)
4(610 631 715 694)
4(630 714 715 631)
4(693 694 715 714)
4(611 632 716 695)
4(631 715 716 632)
4(694 695 716 715)
4(612 633 717 696)
4(632 716 717 633)
4(695 696 717 716)
4(613 634 718 697)
4(633 717 718 634)
4(696 697 718 717)
4(614 635 719 698)
4(634 718 719 635)
4(697 698 719 718)
4(615 636 720 699)
4(635 719 720 636)
4(698 699 720 719)
4(616 637 721 700)
4(636 720 721 637)
4(699 700 721 720)
4(617 638 722 701)
4(637 721 722 638)
4(700 701 722 721)
4(618 639 723 702)
4(638 722 723 639)
4(701 702 723 722)
4(619 640 724 703)
4(639 723 724 640)
4(702 703 724 723)
4(620 641 725 704)
4(640 724 725 641)
4(703 704 725 724)
4(621 642 726 705)
4(641 725 726 642)
4(704 705 726 725)
4(622 643 727 706)
4(642 726 727 643)
4(705 706 727 726)
4(623 644 728 707)
4(643 727 728 644)
4(706 707 728 727)
4(624 645 729 708)
4(644 728 729 645)
4(707 708 729 728)
4(625 646 730 709)
4(645 729 730 646)
4(708 709 730 729)
4(626 647 731 710)
4(646 730 731 647)
4(709 710 731 730)
4(627 648 732 711)
4(647 731 732 648)
4(710 711 732 731)
4(628 649 733 712)
4(648 732 733 649)
4(711 712 733 732)
4(649 733 734 650)
4(712 713 734 733)
4(631 652 736 715)
4(714 715 736 735)
4(632 653 737 716)
4(715 716 737 736)
4(633 654 738 717)
4(716 717 738 737)
4(634 655 739 718)
4(717 718 739 738)
4(635 656 740 719)
4(718 719 740 739)
4(636 657 741 720)
4(719 720 741 740)
4(637 658 742 721)
4(720 721 742 741)
4(638 659 743 722)
4(721 722 743 742)
4(639 660 744 723)
4(722 723 744 743)
4(640 661 745 724)
4(723 724 745 744)
4(641 662 746 725)
4(724 725 746 745)
4(642 663 747 726)
4(725 726 747 746)
4(643 664 748 727)
4(726 727 748 747)
4(644 665 749 728)
4(727 728 749 748)
4(645 666 750 729)
4(728 729 750 749)
4(646 667 751 730)
4(729 730 751 750)
4(647 668 752 731)
4(730 731 752 751)
4(648 669 753 732)
4(731 732 753 752)
4(649 670 754 733)
4(732 733 754 753)
4(733 734 755 754)
4(673 694 778 757)
4(693 777 778 694)
4(756 757 778 777)
4(674 695 779 758)
4(694 778 779 695)
4(757 758 779 778)
4(675 696 780 759)
4(695 779 780 696)
4(758 759 780 779)
4(676 697 781 760)
4(696 780 781 697)
4(759 760 781 780)
4(677 698 782 761)
4(697 781 782 698)
4(760 761 782 781)
4(678 699 783 762)
4(698 782 783 699)
4(761 762 783 782)
4(679 700 784 763)
4(699 783 784 700)
4(762 763 784 783)
4(680 701 785 764)
4(700 784 785 701)
4(763 764 785 784)
4(681 702 786 765)
4(701 785 786 702)
4(764 765 786 785)
4(682 703 787 766)
4(702 786 787 703)
4(765 766 787 786)
4(683 704 788 767)
4(703 787 788 704)
4(766 767 788 787)
4(684 705 789 768)
4(704 788 789 705)
4(767 768 789 788)
4(685 706 790 769)
4(705 789 790 706)
4(768 769 790 789)
4(686 707 791 770)
4(706 790 791 707)
4(769 770 791 790)
4(687 708 792 771)
4(707 791 792 708)
4(770 771 792 791)
4(688 709 793 772)
4(708 792 793 709)
4(771 772 793 792)
4(689 710 794 773)
4(709 793 794 710)
4(772 773 794 793)
4(690 711 795 774)
4(710 794 795 711)
4(773 774 795 794)
4(691 712 796 775)
4(711 795 796 712)
4(774 775 796 795)
4(712 796 797 713)
4(775 776 797 796)
4(694 715 799 778)
4(714 798 799 715)
4(777 778 799 798)
4(695 716 800 779)
4(715 799 800 716)
4(778 779 800 799)
4(696 717 801 780)
4(716 800 801 717)
4(779 780 801 800)
4(697 718 802 781)
4(717 801 802 718)
4(780 781 802 801)
4(698 719 803 782)
4(718 802 803 719)
4(781 782 803 802)
4(699 720 804 783)
4(719 803 804 720)
4(782 783 804 803)
4(700 721 805 784)
4(720 804 805 721)
4(783 784 805 804)
4(701 722 806 785)
4(721 805 806 722)
4(784 785 806 805)
4(702 723 807 786)
4(722 806 807 723)
4(785 786 807 806)
4(703 724 808 787)
4(723 807 808 724)
4(786 787 808 807)
4(704 725 809 788)
4(724 808 809 725)
4(787 788 809 808)
4(705 726 810 789)
4(725 809 810 726)
4(788 789 810 809)
4(706 727 811 790)
4(726 810 811 727)
4(789 790 811 810)
4(707 728 812 791)
4(727 811 812 728)
4(790 791 812 811)
4(708 729 813 792)
4(728 812 813 729)
4(791 792 813 812)
4(709 730 814 793)
4(729 813 814 730)
4(792 793 814 813)
4(710 731 815 794)
4(730 814 815 731)
4(793 794 815 814)
4(711 732 816 795)
4(731 815 816 732)
4(794 795 816 815)
4(712 733 817 796)
4(732 816 817 733)
4(795 796 817 816)
4(733 817 818 734)
4(796 797 818 817)
4(715 736 820 799)
4(798 799 820 819)
4(716 737 821 800)
4(799 800 821 820)
4(717 738 822 801)
4(800 801 822 821)
4(718 739 823 802)
4(801 802 823 822)
4(719 740 824 803)
4(802 803 824 823)
4(720 741 825 804)
4(803 804 825 824)
4(721 742 826 805)
4(804 805 826 825)
4(722 743 827 806)
4(805 806 827 826)
4(723 744 828 807)
4(806 807 828 827)
4(724 745 829 808)
4(807 808 829 828)
4(725 746 830 809)
4(808 809 830 829)
4(726 747 831 810)
4(809 810 831 830)
4(727 748 832 811)
4(810 811 832 831)
4(728 749 833 812)
4(811 812 833 832)
4(729 750 834 813)
4(812 813 834 833)
4(730 751 835 814)
4(813 814 835 834)
4(731 752 836 815)
4(814 815 836 835)
4(732 753 837 816)
4(815 816 837 836)
4(733 754 838 817)
4(816 817 838 837)
4(817 818 839 838)
4(757 778 862 841)
4(777 861 862 778)
4(840 841 862 861)
4(758 779 863 842)
4(778 862 863 779)
4(841 842 863 862)
4(759 780 864 843)
4(779 863 864 780)
4(842 843 864 863)
4(760 781 865 844)
4(780 864 865 781)
4(843 844 865 864)
4(761 782 866 845)
4(781 865 866 782)
4(844 845 866 865)
4(762 783 867 846)
4(782 866 867 783)
4(845 846 867 866)
4(763 784 868 847)
4(783 867 868 784)
4(846 847 868 867)
4(764 785 869 848)
4(784 868 869 785)
4(847 848 869 868)
4(765 786 870 849)
4(785 869 870 786)
4(848 849 870 869)
4(766 787 871 850)
4(786 870 871 787)
4(849 850 871 870)
4(767 788 872 851)
4(787 871 872 788)
4(850 851 872 871)
4(768 789 873 852)
4(788 872 873 789)
4(851 852 873 872)
4(769 790 874 853)
4(789 873 874 790)
4(852 853 874 873)
4(770 791 875 854)
4(790 874 875 791)
4(853 854 875 874)
4(771 792 876 855)
4(791 875 876 792)
4(854 855 876 875)
4(772 793 877 856)
4(792 876 877 793)
4(855 856 877 876)
4(773 794 878 857)
4(793 877 878 794)
4(856 857 878 877)
4(774 795 879 858)
4(794 878 879 795)
4(857 858 879 878)
4(775 796 880 859)
4(795 879 880 796)
4(858 859 880 879)
4(796 880 881 797)
4(859 860 881 880)
4(778 799 883 862)
4(798 882 883 799)
4(861 862 883 882)
4(779 800 884 863)
4(799 883 884 800)
4(862 863 884 883)
4(780 801 885 864)
4(800 884 885 801)
4(863 864 885 884)
4(781 802 886 865)
4(801 885 886 802)
4(864 865 886 885)
4(782 803 887 866)
4(802 886 887 803)
4(865 866 887 886)
4(783 804 888 867)
4(803 887 888 804)
4(866 867 888 887)
4(784 805 889 868)
4(804 888 889 805)
4(867 868 889 888)
4(785 806 890 869)
4(805 889 890 806)
4(868 869 890 889)
4(786 807 891 870)
4(806 890 891 807)
4(869 870 891 890)
4(787 808 892 871)
4(807 891 892 808)
4(870 871 892 891)
4(788 809 893 872)
4(808 892 893 809)
4(871 872 893 892)
4(789 810 894 873)
4(809 893 894 810)
4(872 873 894 893)
4(790 811 895 874)
4(810 894 895 811)
4(873 874 895 894)
4(791 812 896 875)
4(811 895 896 812)
4(874 875 896 895)
4(792 813 897 876)
4(812 896 897 813)
4(875 876 897 896)
4(793 814 898 877)
4(813 897 898 814)
4(876 877 898 897)
4(794 815 899 878)
4(814 898 899 815)
4(877 878 899 898)
4(795 816 900 879)
4(815 899 900 816)
4(878 879 900 899)
4(796 817 901 880)
4(816 900 901 817)
4(879 880 901 900)
4(817 901 902 818)
4(880 881 902 901)
4(799 820 904 883)
4(882 883 904 903)
4(800 821 905 884)
4(883 884 905 904)
4(801 822 906 885)
4(884 885 906 905)
4(802 823 907 886)
4(885 886 907 906)
4(803 824 908 887)
4(886 887 908 907)
4(804 825 909 888)
4(887 888 909 908)
4(805 826 910 889)
4(888 889 910 909)
4(806 827 911 890)
4(889 890 911 910)
4(807 828 912 891)
4(890 891 912 911)
4(808 829 913 892)
4(891 892 913 912)
4(809 830 914 893)
4(892 893 914 913)
4(810 831 915 894)
4(893 894 915 914)
4(811 832 916 895)
4(894 895 916 915)
4(812 833 917 896)
4(895 896 917 916)
4(813 834 918 897)
4(896 897 918 917)
4(814 835 919 898)
4(897 898 919 918)
4(815 836 920 899)
4(898 899 920 919)
4(816 837 921 900)
4(899 900 921 920)
4(817 838 922 901)
4(900 901 922 921)
4(901 902 923 922)
4(841 862 946 925)
4(861 945 946 862)
4(842 863 947 926)
4(862 946 947 863)
4(843 864 948 927)
4(863 947 948 864)
4(844 865 949 928)
4(864 948 949 865)
4(845 866 950 929)
4(865 949 950 866)
4(846 867 951 930)
4(866 950 951 867)
4(847 868 952 931)
4(867 951 952 868)
4(848 869 953 932)
4(868 952 953 869)
4(849 870 954 933)
4(869 953 954 870)
4(850 871 955 934)
4(870 954 955 871)
4(851 872 956 935)
4(871 955 956 872)
4(852 873 957 936)
4(872 956 957 873)
4(853 874 958 937)
4(873 957 958 874)
4(854 875 959 938)
4(874 958 959 875)
4(855 876 960 939)
4(875 959 960 876)
4(856 877 961 940)
4(876 960 961 877)
4(857 878 962 941)
4(877 961 962 878)
4(858 879 963 942)
4(878 962 963 879)
4(859 880 964 943)
4(879 963 964 880)
4(880 964 965 881)
4(862 883 967 946)
4(882 966 967 883)
4(863 884 968 947)
4(883 967 968 884)
4(864 885 969 948)
4(884 968 969 885)
4(865 886 970 949)
4(885 969 970 886)
4(866 887 971 950)
4(886 970 971 887)
4(867 888 972 951)
4(887 971 972 888)
4(868 889 973 952)
4(888 972 973 889)
4(869 890 974 953)
4(889 973 974 890)
4(870 891 975 954)
4(890 974 975 891)
4(871 892 976 955)
4(891 975 976 892)
4(872 893 977 956)
4(892 976 977 893)
4(873 894 978 957)
4(893 977 978 894)
4(874 895 979 958)
4(894 978 979 895)
4(875 896 980 959)
4(895 979 980 896)
4(876 897 981 960)
4(896 980 981 897)
4(877 898 982 961)
4(897 981 982 898)
4(878 899 983 962)
4(898 982 983 899)
4(879 900 984 963)
4(899 983 984 900)
4(880 901 985 964)
4(900 984 985 901)
4(901 985 986 902)
4(883 904 988 967)
4(884 905 989 968)
4(885 906 990 969)
4(886 907 991 970)
4(887 908 992 971)
4(888 909 993 972)
4(889 910 994 973)
4(890 911 995 974)
4(891 912 996 975)
4(892 913 997 976)
4(893 914 998 977)
4(894 915 999 978)
4(895 916 1000 979)
4(896 917 1001 980)
4(897 918 1002 981)
4(898 919 1003 982)
4(899 920 1004 983)
4(900 921 1005 984)
4(901 922 1006 985)
4(0 1 85 84)
4(84 85 169 168)
4(168 169 253 252)
4(252 253 337 336)
4(336 337 421 420)
4(420 421 505 504)
4(504 505 589 588)
4(588 589 673 672)
4(672 673 757 756)
4(756 757 841 840)
4(840 841 925 924)
4(1 2 86 85)
4(85 86 170 169)
4(169 170 254 253)
4(253 254 338 337)
4(337 338 422 421)
4(421 422 506 505)
4(505 506 590 589)
4(589 590 674 673)
4(673 674 758 757)
4(757 758 842 841)
4(841 842 926 925)
4(2 3 87 86)
4(86 87 171 170)
4(170 171 255 254)
4(254 255 339 338)
4(338 339 423 422)
4(422 423 507 506)
4(506 507 591 590)
4(590 591 675 674)
4(674 675 759 758)
4(758 759 843 842)
4(842 843 927 926)
4(3 4 88 87)
4(87 88 172 171)
4(171 172 256 255)
4(255 256 340 339)
4(339 340 424 423)
4(423 424 508 507)
4(507 508 592 591)
4(591 592 676 675)
4(675 676 760 759)
4(759 760 844 843)
4(843 844 928 927)
4(4 5 89 88)
4(88 89 173 172)
4(172 173 257 256)
4(256 257 341 340)
4(340 341 425 424)
4(424 425 509 508)
4(508 509 593 592)
4(592 593 677 676)
4(676 677 761 760)
4(760 761 845 844)
4(844 845 929 928)
4(5 6 90 89)
4(89 90 174 173)
4(173 174 258 257)
4(257 258 342 341)
4(341 342 426 425)
4(425 426 510 509)
4(509 510 594 593)
4(593 594 678 677)
4(677 678 762 761)
4(761 762 846 845)
4(845 846 930 929)
4(6 7 91 90)
4(90 91 175 174)
4(174 175 259 258)
4(258 259 343 342)
4(342 343 427 426)
4(426 427 511 510)
4(510 511 595 594)
4(594 595 679 678)
4(678 679 763 762)
4(762 763 847 846)
4(846 847 931 930)
4(7 8 92 91)
4(91 92 176 175)
4(175 176 260 259)
4(259 260 344 343)
4(343 344 428 427)
4(427 428 512 511)
4(511 512 596 595)
4(595 596 680 679)
4(679 680 764 763)
4(763 764 848 847)
4(847 848 932 931)
4(8 9 93 92)
4(92 93 177 176)
4(176 177 261 260)
4(260 261 345 344)
4(344 345 429 428)
4(428 429 513 512)
4(512 513 597 596)
4(596 597 681 680)
4(680 681 765 764)
4(764 765 849 848)
4(848 849 933 932)
4(9 10 94 93)
4(93 94 178 177)
4(177 178 262 261)
4(261 262 346 345)
4(345 346 430 429)
4(429 430 514 513)
4(513 514 598 597)
4(597 598 682 681)
4(681 682 766 765)
4(765 766 850 849)
4(849 850 934 933)
4(10 11 95 94)
4(94 95 179 178)
4(178 179 263 262)
4(262 263 347 346)
4(346 347 431 430)
4(430 431 515 514)
4(514 515 599 598)
4(598 599 683 682)
4(682 683 767 766)
4(766 767 851 850)
4(850 851 935 934)
4(11 12 96 95)
4(95 96 180 179)
4(179 180 264 263)
4(263 264 348 347)
4(347 348 432 431)
4(431 432 516 515)
4(515 516 600 599)
4(599 600 684 683)
4(683 684 768 767)
4(767 768 852 851)
4(851 852 936 935)
4(12 13 97 96)
4(96 97 181 180)
4(180 181 265 264)
4(264 265 349 348)
4(348 349 433 432)
4(432 433 517 516)
4(516 517 601 600)
4(600 601 685 684)
4(684 685 769 768)
4(768 769 853 852)
4(852 853 937 936)
4(13 14 98 97)
4(97 98 182 181)
4(181 182 266 265)
4(265 266 350 349)
4(349 350 434 433)
4(433 434 518 517)
4(517 518 602 601)
4(601 602 686 685)
4(685 686 770 769)
4(769 770 854 853)
4(853 854 938 937)
4(14 15 99 98)
4(98 99 183 182)
4(182 183 267 266)
4(266 267 351 350)
4(350 351 435 434)
4(434 435 519 518)
4(518 519 603 602)
4(602 603 687 686)
4(686 687 771 770)
4(770 771 855 854)
4(854 855 939 938)
4(15 16 100 99)
4(99 100 184 183)
4(183 184 268 267)
4(267 268 352 351)
4(351 352 436 435)
4(435 436 520 519)
4(519 520 604 603)
4(603 604 688 687)
4(687 688 772 771)
4(771 772 856 855)
4(855 856 940 939)
4(16 17 101 100)
4(100 101 185 184)
4(184 185 269 268)
4(268 269 353 352)
4(352 353 437 436)
4(436 437 521 520)
4(520 521 605 604)
4(604 605 689 688)
4(688 689 773 772)
4(772 773 857 856)
4(856 857 941 940)
4(17 18 102 101)
4(101 102 186 185)
4(185 186 270 269)
4(269 270 354 353)
4(353 354 438 437)
4(437 438 522 521)
4(521 522 606 605)
4(605 606 690 689)
4(689 690 774 773)
4(773 774 858 857)
4(857 858 942 941)
4(18 19 103 102)
4(102 103 187 186)
4(186 187 271 270)
4(270 271 355 354)
4(354 355 439 438)
4(438 439 523 522)
4(522 523 607 606)
4(606 607 691 690)
4(690 691 775 774)
4(774 775 859 858)
4(858 859 943 942)
4(19 20 104 103)
4(103 104 188 187)
4(187 188 272 271)
4(271 272 356 355)
4(355 356 440 439)
4(439 440 524 523)
4(523 524 608 607)
4(607 608 692 691)
4(691 692 776 775)
4(775 776 860 859)
4(859 860 944 943)
4(0 21 22 1)
4(1 22 23 2)
4(2 23 24 3)
4(3 24 25 4)
4(4 25 26 5)
4(5 26 27 6)
4(6 27 28 7)
4(7 28 29 8)
4(8 29 30 9)
4(9 30 31 10)
4(10 31 32 11)
4(11 32 33 12)
4(12 33 34 13)
4(13 34 35 14)
4(14 35 36 15)
4(15 36 37 16)
4(16 37 38 17)
4(17 38 39 18)
4(18 39 40 19)
4(19 40 41 20)
4(21 42 43 22)
4(22 43 44 23)
4(23 44 45 24)
4(24 45 46 25)
4(25 46 47 26)
4(26 47 48 27)
4(27 48 49 28)
4(28 49 50 29)
4(29 50 51 30)
4(30 51 52 31)
4(31 52 53 32)
4(32 53 54 33)
4(33 54 55 34)
4(34 55 56 35)
4(35 56 57 36)
4(36 57 58 37)
4(37 58 59 38)
4(38 59 60 39)
4(39 60 61 40)
4(40 61 62 41)
4(42 63 64 43)
4(43 64 65 44)
4(44 65 66 45)
4(45 66 67 46)
4(46 67 68 47)
4(47 68 69 48)
4(48 69 70 49)
4(49 70 71 50)
4(50 71 72 51)
4(51 72 73 52)
4(52 73 74 53)
4(53 74 75 54)
4(54 75 76 55)
4(55 76 77 56)
4(56 77 78 57)
4(57 78 79 58)
4(58 79 80 59)
4(59 80 81 60)
4(60 81 82 61)
4(61 82 83 62)
4(0 84 105 21)
4(20 41 125 104)
4(21 105 126 42)
4(41 62 146 125)
4(42 126 147 63)
4(63 147 148 64)
4(64 148 149 65)
4(65 149 150 66)
4(66 150 151 67)
4(67 151 152 68)
4(68 152 153 69)
4(69 153 154 70)
4(70 154 155 71)
4(71 155 156 72)
4(72 156 157 73)
4(73 157 158 74)
4(74 158 159 75)
4(75 159 160 76)
4(76 160 161 77)
4(77 161 162 78)
4(78 162 163 79)
4(79 163 164 80)
4(80 164 165 81)
4(81 165 166 82)
4(62 83 167 146)
4(82 166 167 83)
4(84 168 189 105)
4(104 125 209 188)
4(105 189 210 126)
4(125 146 230 209)
4(126 210 231 147)
4(147 231 232 148)
4(148 232 233 149)
4(149 233 234 150)
4(150 234 235 151)
4(151 235 236 152)
4(152 236 237 153)
4(153 237 238 154)
4(154 238 239 155)
4(155 239 240 156)
4(156 240 241 157)
4(157 241 242 158)
4(158 242 243 159)
4(159 243 244 160)
4(160 244 245 161)
4(161 245 246 162)
4(162 246 247 163)
4(163 247 248 164)
4(164 248 249 165)
4(165 249 250 166)
4(146 167 251 230)
4(166 250 251 167)
4(168 252 273 189)
4(188 209 293 272)
4(189 273 294 210)
4(209 230 314 293)
4(210 294 315 231)
4(231 315 316 232)
4(232 316 317 233)
4(233 317 318 234)
4(234 318 319 235)
4(235 319 320 236)
4(236 320 321 237)
4(237 321 322 238)
4(238 322 323 239)
4(239 323 324 240)
4(240 324 325 241)
4(241 325 326 242)
4(242 326 327 243)
4(243 327 328 244)
4(244 328 329 245)
4(245 329 330 246)
4(246 330 331 247)
4(247 331 332 248)
4(248 332 333 249)
4(249 333 334 250)
4(230 251 335 314)
4(250 334 335 251)
4(252 336 357 273)
4(272 293 377 356)
4(273 357 378 294)
4(293 314 398 377)
4(294 378 399 315)
4(315 399 400 316)
4(316 400 401 317)
4(317 401 402 318)
4(318 402 403 319)
4(319 403 404 320)
4(320 404 405 321)
4(321 405 406 322)
4(322 406 407 323)
4(323 407 408 324)
4(324 408 409 325)
4(325 409 410 326)
4(326 410 411 327)
4(327 411 412 328)
4(328 412 413 329)
4(329 413 414 330)
4(330 414 415 331)
4(331 415 416 332)
4(332 416 417 333)
4(333 417 418 334)
4(314 335 419 398)
4(334 418 419 335)
4(336 420 441 357)
4(356 377 461 440)
4(357 441 462 378)
4(377 398 482 461)
4(378 462 483 399)
4(399 483 484 400)
4(400 484 485 401)
4(401 485 486 402)
4(402 486 487 403)
4(403 487 488 404)
4(404 488 489 405)
4(405 489 490 406)
4(406 490 491 407)
4(407 491 492 408)
4(408 492 493 409)
4(409 493 494 410)
4(410 494 495 411)
4(411 495 496 412)
4(412 496 497 413)
4(413 497 498 414)
4(414 498 499 415)
4(415 499 500 416)
4(416 500 501 417)
4(417 501 502 418)
4(398 419 503 482)
4(418 502 503 419)
4(420 504 525 441)
4(440 461 545 524)
4(441 525 546 462)
4(461 482 566 545)
4(462 546 567 483)
4(483 567 568 484)
4(484 568 569 485)
4(485 569 570 486)
4(486 570 571 487)
4(487 571 572 488)
4(488 572 573 489)
4(489 573 574 490)
4(490 574 575 491)
4(491 575 576 492)
4(492 576 577 493)
4(493 577 578 494)
4(494 578 579 495)
4(495 579 580 496)
4(496 580 581 497)
4(497 581 582 498)
4(498 582 583 499)
4(499 583 584 500)
4(500 584 585 501)
4(501 585 586 502)
4(482 503 587 566)
4(502 586 587 503)
4(504 588 609 525)
4(524 545 629 608)
4(525 609 630 546)
4(545 566 650 629)
4(546 630 651 567)
4(567 651 652 568)
4(568 652 653 569)
4(569 653 654 570)
4(570 654 655 571)
4(571 655 656 572)
4(572 656 657 573)
4(573 657 658 574)
4(574 658 659 575)
4(575 659 660 576)
4(576 660 661 577)
4(577 661 662 578)
4(578 662 663 579)
4(579 663 664 580)
4(580 664 665 581)
4(581 665 666 582)
4(582 666 667 583)
4(583 667 668 584)
4(584 668 669 585)
4(585 669 670 586)
4(566 587 671 650)
4(586 670 671 587)
4(588 672 693 609)
4(608 629 713 692)
4(609 693 714 630)
4(629 650 734 713)
4(630 714 735 651)
4(651 735 736 652)
4(652 736 737 653)
4(653 737 738 654)
4(654 738 739 655)
4(655 739 740 656)
4(656 740 741 657)
4(657 741 742 658)
4(658 742 743 659)
4(659 743 744 660)
4(660 744 745 661)
4(661 745 746 662)
4(662 746 747 663)
4(663 747 748 664)
4(664 748 749 665)
4(665 749 750 666)
4(666 750 751 667)
4(667 751 752 668)
4(668 752 753 669)
4(669 753 754 670)
4(650 671 755 734)
4(670 754 755 671)
4(672 756 777 693)
4(692 713 797 776)
4(693 777 798 714)
4(713 734 818 797)
4(714 798 819 735)
4(735 819 820 736)
4(736 820 821 737)
4(737 821 822 738)
4(738 822 823 739)
4(739 823 824 740)
4(740 824 825 741)
4(741 825 826 742)
4(742 826 827 743)
4(743 827 828 744)
4(744 828 829 745)
4(745 829 830 746)
4(746 830 831 747)
4(747 831 832 748)
4(748 832 833 749)
4(749 833 834 750)
4(750 834 835 751)
4(751 835 836 752)
4(752 836 837 753)
4(753 837 838 754)
4(734 755 839 818)
4(754 838 839 755)
4(756 840 861 777)
4(776 797 881 860)
4(777 861 882 798)
4(797 818 902 881)
4(798 882 903 819)
4(819 903 904 820)
4(820 904 905 821)
4(821 905 906 822)
4(822 906 907 823)
4(823 907 908 824)
4(824 908 909 825)
4(825 909 910 826)
4(826 910 911 827)
4(827 911 912 828)
4(828 912 913 829)
4(829 913 914 830)
4(830 914 915 831)
4(831 915 916 832)
4(832 916 917 833)
4(833 917 918 834)
4(834 918 919 835)
4(835 919 920 836)
4(836 920 921 837)
4(837 921 922 838)
4(818 839 923 902)
4(838 922 923 839)
4(840 924 945 861)
4(924 925 946 945)
4(925 926 947 946)
4(926 927 948 947)
4(927 928 949 948)
4(928 929 950 949)
4(929 930 951 950)
4(930 931 952 951)
4(931 932 953 952)
4(932 933 954 953)
4(933 934 955 954)
4(934 935 956 955)
4(935 936 957 956)
4(936 937 958 957)
4(937 938 959 958)
4(938 939 960 959)
4(939 940 961 960)
4(940 941 962 961)
4(941 942 963 962)
4(942 943 964 963)
4(860 881 965 944)
4(943 944 965 964)
4(861 945 966 882)
4(945 946 967 966)
4(946 947 968 967)
4(947 948 969 968)
4(948 949 970 969)
4(949 950 971 970)
4(950 951 972 971)
4(951 952 973 972)
4(952 953 974 973)
4(953 954 975 974)
4(954 955 976 975)
4(955 956 977 976)
4(956 957 978 977)
4(957 958 979 978)
4(958 959 980 979)
4(959 960 981 980)
4(960 961 982 981)
4(961 962 983 982)
4(962 963 984 983)
4(963 964 985 984)
4(881 902 986 965)
4(964 965 986 985)
4(882 966 987 903)
4(903 987 988 904)
4(966 967 988 987)
4(904 988 989 905)
4(967 968 989 988)
4(905 989 990 906)
4(968 969 990 989)
4(906 990 991 907)
4(969 970 991 990)
4(907 991 992 908)
4(970 971 992 991)
4(908 992 993 909)
4(971 972 993 992)
4(909 993 994 910)
4(972 973 994 993)
4(910 994 995 911)
4(973 974 995 994)
4(911 995 996 912)
4(974 975 996 995)
4(912 996 997 913)
4(975 976 997 996)
4(913 997 998 914)
4(976 977 998 997)
4(914 998 999 915)
4(977 978 999 998)
4(915 999 1000 916)
4(978 979 1000 999)
4(916 1000 1001 917)
4(979 980 1001 1000)
4(917 1001 1002 918)
4(980 981 1002 1001)
4(918 1002 1003 919)
4(981 982 1003 1002)
4(919 1003 1004 920)
4(982 983 1004 1003)
4(920 1004 1005 921)
4(983 984 1005 1004)
4(921 1005 1006 922)
4(984 985 1006 1005)
4(902 923 1007 986)
4(922 1006 1007 923)
4(985 986 1007 1006)
)


// ************************************************************************* //
