/*--------------------------------*- C++ -*----------------------------------*\
  =========                 |
  \\      /  F ield         | OpenFOAM: The Open Source CFD Toolbox
   \\    /   O peration     | Website:  https://openfoam.org
    \\  /    A nd           | Version:  11
     \\/     M anipulation  |
\*---------------------------------------------------------------------------*/
FoamFile
{
    format      ascii;
    class       labelList;
    location    "constant/battery1/polyMesh";
    object      faceRegionAddressing;
}
// * * * * * * * * * * * * * * * * * * * * * * * * * * * * * * * * * * * * * //


2293
(
74046
74047
74048
74049
74050
74051
74052
74053
74054
74055
74056
74057
74058
74059
74060
74061
74062
74063
74064
74065
74066
74067
74068
74069
74070
74071
74072
74073
74074
74075
74076
74077
74078
74079
74080
74081
74082
74083
74084
74085
74086
74087
74088
74089
74090
74091
74092
74093
74094
74095
74096
74097
74098
74099
74100
74101
74102
74104
74105
74195
74196
74197
74198
74199
74200
74201
74202
74203
74204
74205
74206
74207
74208
74209
74210
74211
74212
74213
74214
74215
74216
74217
74218
74219
74220
74221
74222
74223
74224
74225
74226
74227
74228
74229
74230
74231
74232
74233
74234
74235
74236
74237
74238
74239
74240
74241
74242
74243
74244
74245
74246
74247
74248
74249
74250
74251
74253
74254
74344
74346
74347
74349
74350
74352
74353
74355
74356
74358
74359
74361
74362
74364
74365
74367
74368
74370
74371
74373
74374
74376
74377
74379
74380
74382
74383
74385
74386
74388
74389
74391
74392
74394
74395
74397
74398
74400
74403
81446
81447
81448
81449
81450
81451
81452
81453
81454
81455
81456
81457
81458
81459
81460
81461
81462
81463
81464
81465
81466
81467
81468
81469
81470
81471
81472
81473
81474
81475
81476
81477
81478
81479
81480
81481
81482
81483
81484
81485
81486
81487
81488
81489
81490
81491
81492
81493
81494
81495
81496
81497
81498
81499
81500
81501
81502
81504
81505
81595
81596
81597
81598
81599
81600
81601
81602
81603
81604
81605
81606
81607
81608
81609
81610
81611
81612
81613
81614
81615
81616
81617
81618
81619
81620
81621
81622
81623
81624
81625
81626
81627
81628
81629
81630
81631
81632
81633
81634
81635
81636
81637
81638
81639
81640
81641
81642
81643
81644
81645
81646
81647
81648
81649
81650
81651
81653
81654
81744
81746
81747
81749
81750
81752
81753
81755
81756
81758
81759
81761
81762
81764
81765
81767
81768
81770
81771
81773
81774
81776
81777
81779
81780
81782
81783
81785
81786
81788
81789
81791
81792
81794
81795
81797
81798
81800
81803
88846
88847
88848
88849
88850
88851
88852
88853
88854
88855
88856
88857
88858
88859
88860
88861
88862
88863
88864
88865
88866
88867
88868
88869
88870
88871
88872
88873
88874
88875
88876
88877
88878
88879
88880
88881
88882
88883
88884
88885
88886
88887
88888
88889
88890
88891
88892
88893
88894
88895
88896
88897
88898
88899
88900
88901
88902
88904
88905
88995
88996
88997
88998
88999
89000
89001
89002
89003
89004
89005
89006
89007
89008
89009
89010
89011
89012
89013
89014
89015
89016
89017
89018
89019
89020
89021
89022
89023
89024
89025
89026
89027
89028
89029
89030
89031
89032
89033
89034
89035
89036
89037
89038
89039
89040
89041
89042
89043
89044
89045
89046
89047
89048
89049
89050
89051
89053
89054
89144
89146
89147
89149
89150
89152
89153
89155
89156
89158
89159
89161
89162
89164
89165
89167
89168
89170
89171
89173
89174
89176
89177
89179
89180
89182
89183
89185
89186
89188
89189
89191
89192
89194
89195
89197
89198
89200
89203
96246
96247
96248
96249
96250
96251
96252
96253
96254
96255
96256
96257
96258
96259
96260
96261
96262
96263
96264
96265
96266
96267
96268
96269
96270
96271
96272
96273
96274
96275
96276
96277
96278
96279
96280
96281
96282
96283
96284
96285
96286
96287
96288
96289
96290
96291
96292
96293
96294
96295
96296
96297
96298
96299
96300
96301
96302
96304
96305
96395
96396
96397
96398
96399
96400
96401
96402
96403
96404
96405
96406
96407
96408
96409
96410
96411
96412
96413
96414
96415
96416
96417
96418
96419
96420
96421
96422
96423
96424
96425
96426
96427
96428
96429
96430
96431
96432
96433
96434
96435
96436
96437
96438
96439
96440
96441
96442
96443
96444
96445
96446
96447
96448
96449
96450
96451
96453
96454
96544
96546
96547
96549
96550
96552
96553
96555
96556
96558
96559
96561
96562
96564
96565
96567
96568
96570
96571
96573
96574
96576
96577
96579
96580
96582
96583
96585
96586
96588
96589
96591
96592
96594
96595
96597
96598
96600
96603
103646
103647
103648
103649
103650
103651
103652
103653
103654
103655
103656
103657
103658
103659
103660
103661
103662
103663
103664
103665
103666
103667
103668
103669
103670
103671
103672
103673
103674
103675
103676
103677
103678
103679
103680
103681
103682
103683
103684
103685
103686
103687
103688
103689
103690
103691
103692
103693
103694
103695
103696
103697
103698
103699
103700
103701
103702
103704
103705
103795
103796
103797
103798
103799
103800
103801
103802
103803
103804
103805
103806
103807
103808
103809
103810
103811
103812
103813
103814
103815
103816
103817
103818
103819
103820
103821
103822
103823
103824
103825
103826
103827
103828
103829
103830
103831
103832
103833
103834
103835
103836
103837
103838
103839
103840
103841
103842
103843
103844
103845
103846
103847
103848
103849
103850
103851
103853
103854
103944
103946
103947
103949
103950
103952
103953
103955
103956
103958
103959
103961
103962
103964
103965
103967
103968
103970
103971
103973
103974
103976
103977
103979
103980
103982
103983
103985
103986
103988
103989
103991
103992
103994
103995
103997
103998
104000
104003
111046
111047
111048
111049
111050
111051
111052
111053
111054
111055
111056
111057
111058
111059
111060
111061
111062
111063
111064
111065
111066
111067
111068
111069
111070
111071
111072
111073
111074
111075
111076
111077
111078
111079
111080
111081
111082
111083
111084
111085
111086
111087
111088
111089
111090
111091
111092
111093
111094
111095
111096
111097
111098
111099
111100
111101
111102
111104
111105
111195
111196
111197
111198
111199
111200
111201
111202
111203
111204
111205
111206
111207
111208
111209
111210
111211
111212
111213
111214
111215
111216
111217
111218
111219
111220
111221
111222
111223
111224
111225
111226
111227
111228
111229
111230
111231
111232
111233
111234
111235
111236
111237
111238
111239
111240
111241
111242
111243
111244
111245
111246
111247
111248
111249
111250
111251
111253
111254
111344
111346
111347
111349
111350
111352
111353
111355
111356
111358
111359
111361
111362
111364
111365
111367
111368
111370
111371
111373
111374
111376
111377
111379
111380
111382
111383
111385
111386
111388
111389
111391
111392
111394
111395
111397
111398
111400
111403
118446
118447
118448
118449
118450
118451
118452
118453
118454
118455
118456
118457
118458
118459
118460
118461
118462
118463
118464
118465
118466
118467
118468
118469
118470
118471
118472
118473
118474
118475
118476
118477
118478
118479
118480
118481
118482
118483
118484
118485
118486
118487
118488
118489
118490
118491
118492
118493
118494
118495
118496
118497
118498
118499
118500
118501
118502
118504
118505
118595
118596
118597
118598
118599
118600
118601
118602
118603
118604
118605
118606
118607
118608
118609
118610
118611
118612
118613
118614
118615
118616
118617
118618
118619
118620
118621
118622
118623
118624
118625
118626
118627
118628
118629
118630
118631
118632
118633
118634
118635
118636
118637
118638
118639
118640
118641
118642
118643
118644
118645
118646
118647
118648
118649
118650
118651
118653
118654
118744
118746
118747
118749
118750
118752
118753
118755
118756
118758
118759
118761
118762
118764
118765
118767
118768
118770
118771
118773
118774
118776
118777
118779
118780
118782
118783
118785
118786
118788
118789
118791
118792
118794
118795
118797
118798
118800
118803
125846
125847
125848
125849
125850
125851
125852
125853
125854
125855
125856
125857
125858
125859
125860
125861
125862
125863
125864
125865
125866
125867
125868
125869
125870
125871
125872
125873
125874
125875
125876
125877
125878
125879
125880
125881
125882
125883
125884
125885
125886
125887
125888
125889
125890
125891
125892
125893
125894
125895
125896
125897
125898
125899
125900
125901
125902
125904
125905
125995
125996
125997
125998
125999
126000
126001
126002
126003
126004
126005
126006
126007
126008
126009
126010
126011
126012
126013
126014
126015
126016
126017
126018
126019
126020
126021
126022
126023
126024
126025
126026
126027
126028
126029
126030
126031
126032
126033
126034
126035
126036
126037
126038
126039
126040
126041
126042
126043
126044
126045
126046
126047
126048
126049
126050
126051
126053
126054
126144
126146
126147
126149
126150
126152
126153
126155
126156
126158
126159
126161
126162
126164
126165
126167
126168
126170
126171
126173
126174
126176
126177
126179
126180
126182
126183
126185
126186
126188
126189
126191
126192
126194
126195
126197
126198
126200
126203
133246
133247
133248
133249
133250
133251
133252
133253
133254
133255
133256
133257
133258
133259
133260
133261
133262
133263
133264
133265
133266
133267
133268
133269
133270
133271
133272
133273
133274
133275
133276
133277
133278
133279
133280
133281
133282
133283
133284
133285
133286
133287
133288
133289
133290
133291
133292
133293
133294
133295
133296
133297
133298
133299
133300
133301
133302
133304
133305
133395
133396
133397
133398
133399
133400
133401
133402
133403
133404
133405
133406
133407
133408
133409
133410
133411
133412
133413
133414
133415
133416
133417
133418
133419
133420
133421
133422
133423
133424
133425
133426
133427
133428
133429
133430
133431
133432
133433
133434
133435
133436
133437
133438
133439
133440
133441
133442
133443
133444
133445
133446
133447
133448
133449
133450
133451
133453
133454
133544
133546
133547
133549
133550
133552
133553
133555
133556
133558
133559
133561
133562
133564
133565
133567
133568
133570
133571
133573
133574
133576
133577
133579
133580
133582
133583
133585
133586
133588
133589
133591
133592
133594
133595
133597
133598
133600
133603
140646
140647
140648
140649
140650
140651
140652
140653
140654
140655
140656
140657
140658
140659
140660
140661
140662
140663
140664
140665
140666
140667
140668
140669
140670
140671
140672
140673
140674
140675
140676
140677
140678
140679
140680
140681
140682
140683
140684
140685
140686
140687
140688
140689
140690
140691
140692
140693
140694
140695
140696
140697
140698
140699
140700
140701
140702
140704
140705
140795
140796
140797
140798
140799
140800
140801
140802
140803
140804
140805
140806
140807
140808
140809
140810
140811
140812
140813
140814
140815
140816
140817
140818
140819
140820
140821
140822
140823
140824
140825
140826
140827
140828
140829
140830
140831
140832
140833
140834
140835
140836
140837
140838
140839
140840
140841
140842
140843
140844
140845
140846
140847
140848
140849
140850
140851
140853
140854
140944
140946
140947
140949
140950
140952
140953
140955
140956
140958
140959
140961
140962
140964
140965
140967
140968
140970
140971
140973
140974
140976
140977
140979
140980
140982
140983
140985
140986
140988
140989
140991
140992
140994
140995
140997
140998
141000
141003
148046
148047
148049
148050
148052
148053
148055
148056
148058
148059
148061
148062
148064
148065
148067
148068
148070
148071
148073
148074
148076
148077
148079
148080
148082
148083
148085
148086
148088
148089
148091
148092
148094
148095
148097
148098
148100
148101
148104
148195
148196
148198
148199
148201
148202
148204
148205
148207
148208
148210
148211
148213
148214
148216
148217
148219
148220
148222
148223
148225
148226
148228
148229
148231
148232
148234
148235
148237
148238
148240
148241
148243
148244
148246
148247
148249
148250
148253
148344
148347
148350
148353
148356
148359
148362
148365
148368
148371
148374
148377
148380
148383
148386
148389
148392
148395
148398
380761
380762
380763
380764
380765
380766
380767
380768
380769
380770
380771
380811
380812
380813
380814
380815
380816
380817
380818
380819
380820
380821
380861
380862
380863
380864
380865
380866
380867
380868
380869
380870
380871
380911
380912
380913
380914
380915
380916
380917
380918
380919
380920
380921
380961
380962
380963
380964
380965
380966
380967
380968
380969
380970
380971
381011
381012
381013
381014
381015
381016
381017
381018
381019
381020
381021
381061
381062
381063
381064
381065
381066
381067
381068
381069
381070
381071
381111
381112
381113
381114
381115
381116
381117
381118
381119
381120
381121
381161
381162
381163
381164
381165
381166
381167
381168
381169
381170
381171
381211
381212
381213
381214
381215
381216
381217
381218
381219
381220
381221
381261
381262
381263
381264
381265
381266
381267
381268
381269
381270
381271
381311
381312
381313
381314
381315
381316
381317
381318
381319
381320
381321
381361
381362
381363
381364
381365
381366
381367
381368
381369
381370
381371
381411
381412
381413
381414
381415
381416
381417
381418
381419
381420
381421
381461
381462
381463
381464
381465
381466
381467
381468
381469
381470
381471
381511
381512
381513
381514
381515
381516
381517
381518
381519
381520
381521
381561
381562
381563
381564
381565
381566
381567
381568
381569
381570
381571
381611
381612
381613
381614
381615
381616
381617
381618
381619
381620
381621
381661
381662
381663
381664
381665
381666
381667
381668
381669
381670
381671
381711
381712
381713
381714
381715
381716
381717
381718
381719
381720
381721
-66648
-66651
-66654
-66657
-66660
-66663
-66666
-66669
-66672
-66675
-66678
-66681
-66684
-66687
-66690
-66693
-66696
-66699
-66702
-66705
-66797
-66800
-66803
-66806
-66809
-66812
-66815
-66818
-66821
-66824
-66827
-66830
-66833
-66836
-66839
-66842
-66845
-66848
-66851
-66854
-66946
-66949
-66952
-66955
-66958
-66961
-66964
-66967
-66970
-66973
-66976
-66979
-66982
-66985
-66988
-66991
-66994
-66997
-67000
-67003
-74043
74103
-74192
74252
-74341
74345
74348
74351
74354
74357
74360
74363
74366
74369
74372
74375
74378
74381
74384
74387
74390
74393
74396
74399
74401
74402
-81443
81503
-81592
81652
-81741
81745
81748
81751
81754
81757
81760
81763
81766
81769
81772
81775
81778
81781
81784
81787
81790
81793
81796
81799
81801
81802
-88843
88903
-88992
89052
-89141
89145
89148
89151
89154
89157
89160
89163
89166
89169
89172
89175
89178
89181
89184
89187
89190
89193
89196
89199
89201
89202
-96243
96303
-96392
96452
-96541
96545
96548
96551
96554
96557
96560
96563
96566
96569
96572
96575
96578
96581
96584
96587
96590
96593
96596
96599
96601
96602
-103643
103703
-103792
103852
-103941
103945
103948
103951
103954
103957
103960
103963
103966
103969
103972
103975
103978
103981
103984
103987
103990
103993
103996
103999
104001
104002
-111043
111103
-111192
111252
-111341
111345
111348
111351
111354
111357
111360
111363
111366
111369
111372
111375
111378
111381
111384
111387
111390
111393
111396
111399
111401
111402
-118443
118503
-118592
118652
-118741
118745
118748
118751
118754
118757
118760
118763
118766
118769
118772
118775
118778
118781
118784
118787
118790
118793
118796
118799
118801
118802
-125843
125903
-125992
126052
-126141
126145
126148
126151
126154
126157
126160
126163
126166
126169
126172
126175
126178
126181
126184
126187
126190
126193
126196
126199
126201
126202
-133243
133303
-133392
133452
-133541
133545
133548
133551
133554
133557
133560
133563
133566
133569
133572
133575
133578
133581
133584
133587
133590
133593
133596
133599
133601
133602
-140643
140703
-140792
140852
-140941
140945
140948
140951
140954
140957
140960
140963
140966
140969
140972
140975
140978
140981
140984
140987
140990
140993
140996
140999
141001
141002
-148043
148048
148051
148054
148057
148060
148063
148066
148069
148072
148075
148078
148081
148084
148087
148090
148093
148096
148099
148102
148103
148105
-148192
148197
148200
148203
148206
148209
148212
148215
148218
148221
148224
148227
148230
148233
148236
148239
148242
148245
148248
148251
148252
148254
-148341
148345
148346
148348
148349
148351
148352
148354
148355
148357
148358
148360
148361
148363
148364
148366
148367
148369
148370
148372
148373
148375
148376
148378
148379
148381
148382
148384
148385
148387
148388
148390
148391
148393
148394
148396
148397
148399
148400
148401
148402
148403
)


// ************************************************************************* //
