/*--------------------------------*- C++ -*----------------------------------*\
  =========                 |
  \\      /  F ield         | OpenFOAM: The Open Source CFD Toolbox
   \\    /   O peration     | Website:  https://openfoam.org
    \\  /    A nd           | Version:  11
     \\/     M anipulation  |
\*---------------------------------------------------------------------------*/
FoamFile
{
    format      ascii;
    class       labelList;
    note        "nPoints:1008  nCells:660  nFaces:2293  nInternalFaces:1667";
    location    "constant/battery1/polyMesh";
    object      neighbour;
}
// * * * * * * * * * * * * * * * * * * * * * * * * * * * * * * * * * * * * * //


1667
(
1
20
60
2
21
61
3
22
62
4
23
63
5
24
64
6
25
65
7
26
66
8
27
67
9
28
68
10
29
69
11
30
70
12
31
71
13
32
72
14
33
73
15
34
74
16
35
75
17
36
76
18
37
77
19
38
78
39
79
21
40
80
22
41
81
23
42
82
24
43
83
25
44
84
26
45
85
27
46
86
28
47
87
29
48
88
30
49
89
31
50
90
32
51
91
33
52
92
34
53
93
35
54
94
36
55
95
37
56
96
38
57
97
39
58
98
59
99
41
100
42
101
43
102
44
103
45
104
46
105
47
106
48
107
49
108
50
109
51
110
52
111
53
112
54
113
55
114
56
115
57
116
58
117
59
118
119
61
80
120
62
81
121
63
82
122
64
83
123
65
84
124
66
85
125
67
86
126
68
87
127
69
88
128
70
89
129
71
90
130
72
91
131
73
92
132
74
93
133
75
94
134
76
95
135
77
96
136
78
97
137
79
98
138
99
139
81
100
140
82
101
141
83
102
142
84
103
143
85
104
144
86
105
145
87
106
146
88
107
147
89
108
148
90
109
149
91
110
150
92
111
151
93
112
152
94
113
153
95
114
154
96
115
155
97
116
156
98
117
157
99
118
158
119
159
101
160
102
161
103
162
104
163
105
164
106
165
107
166
108
167
109
168
110
169
111
170
112
171
113
172
114
173
115
174
116
175
117
176
118
177
119
178
179
121
140
180
122
141
181
123
142
182
124
143
183
125
144
184
126
145
185
127
146
186
128
147
187
129
148
188
130
149
189
131
150
190
132
151
191
133
152
192
134
153
193
135
154
194
136
155
195
137
156
196
138
157
197
139
158
198
159
199
141
160
200
142
161
201
143
162
202
144
163
203
145
164
204
146
165
205
147
166
206
148
167
207
149
168
208
150
169
209
151
170
210
152
171
211
153
172
212
154
173
213
155
174
214
156
175
215
157
176
216
158
177
217
159
178
218
179
219
161
220
162
221
163
222
164
223
165
224
166
225
167
226
168
227
169
228
170
229
171
230
172
231
173
232
174
233
175
234
176
235
177
236
178
237
179
238
239
181
200
240
182
201
241
183
202
242
184
203
243
185
204
244
186
205
245
187
206
246
188
207
247
189
208
248
190
209
249
191
210
250
192
211
251
193
212
252
194
213
253
195
214
254
196
215
255
197
216
256
198
217
257
199
218
258
219
259
201
220
260
202
221
261
203
222
262
204
223
263
205
224
264
206
225
265
207
226
266
208
227
267
209
228
268
210
229
269
211
230
270
212
231
271
213
232
272
214
233
273
215
234
274
216
235
275
217
236
276
218
237
277
219
238
278
239
279
221
280
222
281
223
282
224
283
225
284
226
285
227
286
228
287
229
288
230
289
231
290
232
291
233
292
234
293
235
294
236
295
237
296
238
297
239
298
299
241
260
300
242
261
301
243
262
302
244
263
303
245
264
304
246
265
305
247
266
306
248
267
307
249
268
308
250
269
309
251
270
310
252
271
311
253
272
312
254
273
313
255
274
314
256
275
315
257
276
316
258
277
317
259
278
318
279
319
261
280
320
262
281
321
263
282
322
264
283
323
265
284
324
266
285
325
267
286
326
268
287
327
269
288
328
270
289
329
271
290
330
272
291
331
273
292
332
274
293
333
275
294
334
276
295
335
277
296
336
278
297
337
279
298
338
299
339
281
340
282
341
283
342
284
343
285
344
286
345
287
346
288
347
289
348
290
349
291
350
292
351
293
352
294
353
295
354
296
355
297
356
298
357
299
358
359
301
320
360
302
321
361
303
322
362
304
323
363
305
324
364
306
325
365
307
326
366
308
327
367
309
328
368
310
329
369
311
330
370
312
331
371
313
332
372
314
333
373
315
334
374
316
335
375
317
336
376
318
337
377
319
338
378
339
379
321
340
380
322
341
381
323
342
382
324
343
383
325
344
384
326
345
385
327
346
386
328
347
387
329
348
388
330
349
389
331
350
390
332
351
391
333
352
392
334
353
393
335
354
394
336
355
395
337
356
396
338
357
397
339
358
398
359
399
341
400
342
401
343
402
344
403
345
404
346
405
347
406
348
407
349
408
350
409
351
410
352
411
353
412
354
413
355
414
356
415
357
416
358
417
359
418
419
361
380
420
362
381
421
363
382
422
364
383
423
365
384
424
366
385
425
367
386
426
368
387
427
369
388
428
370
389
429
371
390
430
372
391
431
373
392
432
374
393
433
375
394
434
376
395
435
377
396
436
378
397
437
379
398
438
399
439
381
400
440
382
401
441
383
402
442
384
403
443
385
404
444
386
405
445
387
406
446
388
407
447
389
408
448
390
409
449
391
410
450
392
411
451
393
412
452
394
413
453
395
414
454
396
415
455
397
416
456
398
417
457
399
418
458
419
459
401
460
402
461
403
462
404
463
405
464
406
465
407
466
408
467
409
468
410
469
411
470
412
471
413
472
414
473
415
474
416
475
417
476
418
477
419
478
479
421
440
480
422
441
481
423
442
482
424
443
483
425
444
484
426
445
485
427
446
486
428
447
487
429
448
488
430
449
489
431
450
490
432
451
491
433
452
492
434
453
493
435
454
494
436
455
495
437
456
496
438
457
497
439
458
498
459
499
441
460
500
442
461
501
443
462
502
444
463
503
445
464
504
446
465
505
447
466
506
448
467
507
449
468
508
450
469
509
451
470
510
452
471
511
453
472
512
454
473
513
455
474
514
456
475
515
457
476
516
458
477
517
459
478
518
479
519
461
520
462
521
463
522
464
523
465
524
466
525
467
526
468
527
469
528
470
529
471
530
472
531
473
532
474
533
475
534
476
535
477
536
478
537
479
538
539
481
500
540
482
501
541
483
502
542
484
503
543
485
504
544
486
505
545
487
506
546
488
507
547
489
508
548
490
509
549
491
510
550
492
511
551
493
512
552
494
513
553
495
514
554
496
515
555
497
516
556
498
517
557
499
518
558
519
559
501
520
560
502
521
561
503
522
562
504
523
563
505
524
564
506
525
565
507
526
566
508
527
567
509
528
568
510
529
569
511
530
570
512
531
571
513
532
572
514
533
573
515
534
574
516
535
575
517
536
576
518
537
577
519
538
578
539
579
521
580
522
581
523
582
524
583
525
584
526
585
527
586
528
587
529
588
530
589
531
590
532
591
533
592
534
593
535
594
536
595
537
596
538
597
539
598
599
541
560
600
542
561
601
543
562
602
544
563
603
545
564
604
546
565
605
547
566
606
548
567
607
549
568
608
550
569
609
551
570
610
552
571
611
553
572
612
554
573
613
555
574
614
556
575
615
557
576
616
558
577
617
559
578
618
579
619
561
580
620
562
581
621
563
582
622
564
583
623
565
584
624
566
585
625
567
586
626
568
587
627
569
588
628
570
589
629
571
590
630
572
591
631
573
592
632
574
593
633
575
594
634
576
595
635
577
596
636
578
597
637
579
598
638
599
639
581
640
582
641
583
642
584
643
585
644
586
645
587
646
588
647
589
648
590
649
591
650
592
651
593
652
594
653
595
654
596
655
597
656
598
657
599
658
659
601
620
602
621
603
622
604
623
605
624
606
625
607
626
608
627
609
628
610
629
611
630
612
631
613
632
614
633
615
634
616
635
617
636
618
637
619
638
639
621
640
622
641
623
642
624
643
625
644
626
645
627
646
628
647
629
648
630
649
631
650
632
651
633
652
634
653
635
654
636
655
637
656
638
657
639
658
659
641
642
643
644
645
646
647
648
649
650
651
652
653
654
655
656
657
658
659
)


// ************************************************************************* //
