/*--------------------------------*- C++ -*----------------------------------*\
  =========                 |
  \\      /  F ield         | OpenFOAM: The Open Source CFD Toolbox
   \\    /   O peration     | Website:  https://openfoam.org
    \\  /    A nd           | Version:  11
     \\/     M anipulation  |
\*---------------------------------------------------------------------------*/
FoamFile
{
    format      ascii;
    class       vectorField;
    location    "constant/battery1/polyMesh";
    object      points;
}
// * * * * * * * * * * * * * * * * * * * * * * * * * * * * * * * * * * * * * //


1008
(
(0.0993 0 0.06)
(0.10592 0 0.06)
(0.11254 0 0.06)
(0.11916 0 0.06)
(0.12578 0 0.06)
(0.1324 0 0.06)
(0.13902 0 0.06)
(0.14564 0 0.06)
(0.15226 0 0.06)
(0.15888 0 0.06)
(0.1655 0 0.06)
(0.17212 0 0.06)
(0.17874 0 0.06)
(0.18536 0 0.06)
(0.19198 0 0.06)
(0.1986 0 0.06)
(0.20522 0 0.06)
(0.21184 0 0.06)
(0.21846 0 0.06)
(0.22508 0 0.06)
(0.2317 0 0.06)
(0.0993 0.006 0.06)
(0.10592 0.006 0.06)
(0.11254 0.006 0.06)
(0.11916 0.006 0.06)
(0.12578 0.006 0.06)
(0.1324 0.006 0.06)
(0.13902 0.006 0.06)
(0.14564 0.006 0.06)
(0.15226 0.006 0.06)
(0.15888 0.006 0.06)
(0.1655 0.006 0.06)
(0.17212 0.006 0.06)
(0.17874 0.006 0.06)
(0.18536 0.006 0.06)
(0.19198 0.006 0.06)
(0.1986 0.006 0.06)
(0.20522 0.006 0.06)
(0.21184 0.006 0.06)
(0.21846 0.006 0.06)
(0.22508 0.006 0.06)
(0.2317 0.006 0.06)
(0.0993 0.012 0.06)
(0.10592 0.012 0.06)
(0.11254 0.012 0.06)
(0.11916 0.012 0.06)
(0.12578 0.012 0.06)
(0.1324 0.012 0.06)
(0.13902 0.012 0.06)
(0.14564 0.012 0.06)
(0.15226 0.012 0.06)
(0.15888 0.012 0.06)
(0.1655 0.012 0.06)
(0.17212 0.012 0.06)
(0.17874 0.012 0.06)
(0.18536 0.012 0.06)
(0.19198 0.012 0.06)
(0.1986 0.012 0.06)
(0.20522 0.012 0.06)
(0.21184 0.012 0.06)
(0.21846 0.012 0.06)
(0.22508 0.012 0.06)
(0.2317 0.012 0.06)
(0.0993 0.018 0.06)
(0.10592 0.018 0.06)
(0.11254 0.018 0.06)
(0.11916 0.018 0.06)
(0.12578 0.018 0.06)
(0.1324 0.018 0.06)
(0.13902 0.018 0.06)
(0.14564 0.018 0.06)
(0.15226 0.018 0.06)
(0.15888 0.018 0.06)
(0.1655 0.018 0.06)
(0.17212 0.018 0.06)
(0.17874 0.018 0.06)
(0.18536 0.018 0.06)
(0.19198 0.018 0.06)
(0.1986 0.018 0.06)
(0.20522 0.018 0.06)
(0.21184 0.018 0.06)
(0.21846 0.018 0.06)
(0.22508 0.018 0.06)
(0.2317 0.018 0.06)
(0.0993 0 0.066)
(0.10592 0 0.066)
(0.11254 0 0.066)
(0.11916 0 0.066)
(0.12578 0 0.066)
(0.1324 0 0.066)
(0.13902 0 0.066)
(0.14564 0 0.066)
(0.15226 0 0.066)
(0.15888 0 0.066)
(0.1655 0 0.066)
(0.17212 0 0.066)
(0.17874 0 0.066)
(0.18536 0 0.066)
(0.19198 0 0.066)
(0.1986 0 0.066)
(0.20522 0 0.066)
(0.21184 0 0.066)
(0.21846 0 0.066)
(0.22508 0 0.066)
(0.2317 0 0.066)
(0.0993 0.006 0.066)
(0.10592 0.006 0.066)
(0.11254 0.006 0.066)
(0.11916 0.006 0.066)
(0.12578 0.006 0.066)
(0.1324 0.006 0.066)
(0.13902 0.006 0.066)
(0.14564 0.006 0.066)
(0.15226 0.006 0.066)
(0.15888 0.006 0.066)
(0.1655 0.006 0.066)
(0.17212 0.006 0.066)
(0.17874 0.006 0.066)
(0.18536 0.006 0.066)
(0.19198 0.006 0.066)
(0.1986 0.006 0.066)
(0.20522 0.006 0.066)
(0.21184 0.006 0.066)
(0.21846 0.006 0.066)
(0.22508 0.006 0.066)
(0.2317 0.006 0.066)
(0.0993 0.012 0.066)
(0.10592 0.012 0.066)
(0.11254 0.012 0.066)
(0.11916 0.012 0.066)
(0.12578 0.012 0.066)
(0.1324 0.012 0.066)
(0.13902 0.012 0.066)
(0.14564 0.012 0.066)
(0.15226 0.012 0.066)
(0.15888 0.012 0.066)
(0.1655 0.012 0.066)
(0.17212 0.012 0.066)
(0.17874 0.012 0.066)
(0.18536 0.012 0.066)
(0.19198 0.012 0.066)
(0.1986 0.012 0.066)
(0.20522 0.012 0.066)
(0.21184 0.012 0.066)
(0.21846 0.012 0.066)
(0.22508 0.012 0.066)
(0.2317 0.012 0.066)
(0.0993 0.018 0.066)
(0.10592 0.018 0.066)
(0.11254 0.018 0.066)
(0.11916 0.018 0.066)
(0.12578 0.018 0.066)
(0.1324 0.018 0.066)
(0.13902 0.018 0.066)
(0.14564 0.018 0.066)
(0.15226 0.018 0.066)
(0.15888 0.018 0.066)
(0.1655 0.018 0.066)
(0.17212 0.018 0.066)
(0.17874 0.018 0.066)
(0.18536 0.018 0.066)
(0.19198 0.018 0.066)
(0.1986 0.018 0.066)
(0.20522 0.018 0.066)
(0.21184 0.018 0.066)
(0.21846 0.018 0.066)
(0.22508 0.018 0.066)
(0.2317 0.018 0.066)
(0.0993 0 0.072)
(0.10592 0 0.072)
(0.11254 0 0.072)
(0.11916 0 0.072)
(0.12578 0 0.072)
(0.1324 0 0.072)
(0.13902 0 0.072)
(0.14564 0 0.072)
(0.15226 0 0.072)
(0.15888 0 0.072)
(0.1655 0 0.072)
(0.17212 0 0.072)
(0.17874 0 0.072)
(0.18536 0 0.072)
(0.19198 0 0.072)
(0.1986 0 0.072)
(0.20522 0 0.072)
(0.21184 0 0.072)
(0.21846 0 0.072)
(0.22508 0 0.072)
(0.2317 0 0.072)
(0.0993 0.006 0.072)
(0.10592 0.006 0.072)
(0.11254 0.006 0.072)
(0.11916 0.006 0.072)
(0.12578 0.006 0.072)
(0.1324 0.006 0.072)
(0.13902 0.006 0.072)
(0.14564 0.006 0.072)
(0.15226 0.006 0.072)
(0.15888 0.006 0.072)
(0.1655 0.006 0.072)
(0.17212 0.006 0.072)
(0.17874 0.006 0.072)
(0.18536 0.006 0.072)
(0.19198 0.006 0.072)
(0.1986 0.006 0.072)
(0.20522 0.006 0.072)
(0.21184 0.006 0.072)
(0.21846 0.006 0.072)
(0.22508 0.006 0.072)
(0.2317 0.006 0.072)
(0.0993 0.012 0.072)
(0.10592 0.012 0.072)
(0.11254 0.012 0.072)
(0.11916 0.012 0.072)
(0.12578 0.012 0.072)
(0.1324 0.012 0.072)
(0.13902 0.012 0.072)
(0.14564 0.012 0.072)
(0.15226 0.012 0.072)
(0.15888 0.012 0.072)
(0.1655 0.012 0.072)
(0.17212 0.012 0.072)
(0.17874 0.012 0.072)
(0.18536 0.012 0.072)
(0.19198 0.012 0.072)
(0.1986 0.012 0.072)
(0.20522 0.012 0.072)
(0.21184 0.012 0.072)
(0.21846 0.012 0.072)
(0.22508 0.012 0.072)
(0.2317 0.012 0.072)
(0.0993 0.018 0.072)
(0.10592 0.018 0.072)
(0.11254 0.018 0.072)
(0.11916 0.018 0.072)
(0.12578 0.018 0.072)
(0.1324 0.018 0.072)
(0.13902 0.018 0.072)
(0.14564 0.018 0.072)
(0.15226 0.018 0.072)
(0.15888 0.018 0.072)
(0.1655 0.018 0.072)
(0.17212 0.018 0.072)
(0.17874 0.018 0.072)
(0.18536 0.018 0.072)
(0.19198 0.018 0.072)
(0.1986 0.018 0.072)
(0.20522 0.018 0.072)
(0.21184 0.018 0.072)
(0.21846 0.018 0.072)
(0.22508 0.018 0.072)
(0.2317 0.018 0.072)
(0.0993 0 0.078)
(0.10592 0 0.078)
(0.11254 0 0.078)
(0.11916 0 0.078)
(0.12578 0 0.078)
(0.1324 0 0.078)
(0.13902 0 0.078)
(0.14564 0 0.078)
(0.15226 0 0.078)
(0.15888 0 0.078)
(0.1655 0 0.078)
(0.17212 0 0.078)
(0.17874 0 0.078)
(0.18536 0 0.078)
(0.19198 0 0.078)
(0.1986 0 0.078)
(0.20522 0 0.078)
(0.21184 0 0.078)
(0.21846 0 0.078)
(0.22508 0 0.078)
(0.2317 0 0.078)
(0.0993 0.006 0.078)
(0.10592 0.006 0.078)
(0.11254 0.006 0.078)
(0.11916 0.006 0.078)
(0.12578 0.006 0.078)
(0.1324 0.006 0.078)
(0.13902 0.006 0.078)
(0.14564 0.006 0.078)
(0.15226 0.006 0.078)
(0.15888 0.006 0.078)
(0.1655 0.006 0.078)
(0.17212 0.006 0.078)
(0.17874 0.006 0.078)
(0.18536 0.006 0.078)
(0.19198 0.006 0.078)
(0.1986 0.006 0.078)
(0.20522 0.006 0.078)
(0.21184 0.006 0.078)
(0.21846 0.006 0.078)
(0.22508 0.006 0.078)
(0.2317 0.006 0.078)
(0.0993 0.012 0.078)
(0.10592 0.012 0.078)
(0.11254 0.012 0.078)
(0.11916 0.012 0.078)
(0.12578 0.012 0.078)
(0.1324 0.012 0.078)
(0.13902 0.012 0.078)
(0.14564 0.012 0.078)
(0.15226 0.012 0.078)
(0.15888 0.012 0.078)
(0.1655 0.012 0.078)
(0.17212 0.012 0.078)
(0.17874 0.012 0.078)
(0.18536 0.012 0.078)
(0.19198 0.012 0.078)
(0.1986 0.012 0.078)
(0.20522 0.012 0.078)
(0.21184 0.012 0.078)
(0.21846 0.012 0.078)
(0.22508 0.012 0.078)
(0.2317 0.012 0.078)
(0.0993 0.018 0.078)
(0.10592 0.018 0.078)
(0.11254 0.018 0.078)
(0.11916 0.018 0.078)
(0.12578 0.018 0.078)
(0.1324 0.018 0.078)
(0.13902 0.018 0.078)
(0.14564 0.018 0.078)
(0.15226 0.018 0.078)
(0.15888 0.018 0.078)
(0.1655 0.018 0.078)
(0.17212 0.018 0.078)
(0.17874 0.018 0.078)
(0.18536 0.018 0.078)
(0.19198 0.018 0.078)
(0.1986 0.018 0.078)
(0.20522 0.018 0.078)
(0.21184 0.018 0.078)
(0.21846 0.018 0.078)
(0.22508 0.018 0.078)
(0.2317 0.018 0.078)
(0.0993 0 0.084)
(0.10592 0 0.084)
(0.11254 0 0.084)
(0.11916 0 0.084)
(0.12578 0 0.084)
(0.1324 0 0.084)
(0.13902 0 0.084)
(0.14564 0 0.084)
(0.15226 0 0.084)
(0.15888 0 0.084)
(0.1655 0 0.084)
(0.17212 0 0.084)
(0.17874 0 0.084)
(0.18536 0 0.084)
(0.19198 0 0.084)
(0.1986 0 0.084)
(0.20522 0 0.084)
(0.21184 0 0.084)
(0.21846 0 0.084)
(0.22508 0 0.084)
(0.2317 0 0.084)
(0.0993 0.006 0.084)
(0.10592 0.006 0.084)
(0.11254 0.006 0.084)
(0.11916 0.006 0.084)
(0.12578 0.006 0.084)
(0.1324 0.006 0.084)
(0.13902 0.006 0.084)
(0.14564 0.006 0.084)
(0.15226 0.006 0.084)
(0.15888 0.006 0.084)
(0.1655 0.006 0.084)
(0.17212 0.006 0.084)
(0.17874 0.006 0.084)
(0.18536 0.006 0.084)
(0.19198 0.006 0.084)
(0.1986 0.006 0.084)
(0.20522 0.006 0.084)
(0.21184 0.006 0.084)
(0.21846 0.006 0.084)
(0.22508 0.006 0.084)
(0.2317 0.006 0.084)
(0.0993 0.012 0.084)
(0.10592 0.012 0.084)
(0.11254 0.012 0.084)
(0.11916 0.012 0.084)
(0.12578 0.012 0.084)
(0.1324 0.012 0.084)
(0.13902 0.012 0.084)
(0.14564 0.012 0.084)
(0.15226 0.012 0.084)
(0.15888 0.012 0.084)
(0.1655 0.012 0.084)
(0.17212 0.012 0.084)
(0.17874 0.012 0.084)
(0.18536 0.012 0.084)
(0.19198 0.012 0.084)
(0.1986 0.012 0.084)
(0.20522 0.012 0.084)
(0.21184 0.012 0.084)
(0.21846 0.012 0.084)
(0.22508 0.012 0.084)
(0.2317 0.012 0.084)
(0.0993 0.018 0.084)
(0.10592 0.018 0.084)
(0.11254 0.018 0.084)
(0.11916 0.018 0.084)
(0.12578 0.018 0.084)
(0.1324 0.018 0.084)
(0.13902 0.018 0.084)
(0.14564 0.018 0.084)
(0.15226 0.018 0.084)
(0.15888 0.018 0.084)
(0.1655 0.018 0.084)
(0.17212 0.018 0.084)
(0.17874 0.018 0.084)
(0.18536 0.018 0.084)
(0.19198 0.018 0.084)
(0.1986 0.018 0.084)
(0.20522 0.018 0.084)
(0.21184 0.018 0.084)
(0.21846 0.018 0.084)
(0.22508 0.018 0.084)
(0.2317 0.018 0.084)
(0.0993 0 0.09)
(0.10592 0 0.09)
(0.11254 0 0.09)
(0.11916 0 0.09)
(0.12578 0 0.09)
(0.1324 0 0.09)
(0.13902 0 0.09)
(0.14564 0 0.09)
(0.15226 0 0.09)
(0.15888 0 0.09)
(0.1655 0 0.09)
(0.17212 0 0.09)
(0.17874 0 0.09)
(0.18536 0 0.09)
(0.19198 0 0.09)
(0.1986 0 0.09)
(0.20522 0 0.09)
(0.21184 0 0.09)
(0.21846 0 0.09)
(0.22508 0 0.09)
(0.2317 0 0.09)
(0.0993 0.006 0.09)
(0.10592 0.006 0.09)
(0.11254 0.006 0.09)
(0.11916 0.006 0.09)
(0.12578 0.006 0.09)
(0.1324 0.006 0.09)
(0.13902 0.006 0.09)
(0.14564 0.006 0.09)
(0.15226 0.006 0.09)
(0.15888 0.006 0.09)
(0.1655 0.006 0.09)
(0.17212 0.006 0.09)
(0.17874 0.006 0.09)
(0.18536 0.006 0.09)
(0.19198 0.006 0.09)
(0.1986 0.006 0.09)
(0.20522 0.006 0.09)
(0.21184 0.006 0.09)
(0.21846 0.006 0.09)
(0.22508 0.006 0.09)
(0.2317 0.006 0.09)
(0.0993 0.012 0.09)
(0.10592 0.012 0.09)
(0.11254 0.012 0.09)
(0.11916 0.012 0.09)
(0.12578 0.012 0.09)
(0.1324 0.012 0.09)
(0.13902 0.012 0.09)
(0.14564 0.012 0.09)
(0.15226 0.012 0.09)
(0.15888 0.012 0.09)
(0.1655 0.012 0.09)
(0.17212 0.012 0.09)
(0.17874 0.012 0.09)
(0.18536 0.012 0.09)
(0.19198 0.012 0.09)
(0.1986 0.012 0.09)
(0.20522 0.012 0.09)
(0.21184 0.012 0.09)
(0.21846 0.012 0.09)
(0.22508 0.012 0.09)
(0.2317 0.012 0.09)
(0.0993 0.018 0.09)
(0.10592 0.018 0.09)
(0.11254 0.018 0.09)
(0.11916 0.018 0.09)
(0.12578 0.018 0.09)
(0.1324 0.018 0.09)
(0.13902 0.018 0.09)
(0.14564 0.018 0.09)
(0.15226 0.018 0.09)
(0.15888 0.018 0.09)
(0.1655 0.018 0.09)
(0.17212 0.018 0.09)
(0.17874 0.018 0.09)
(0.18536 0.018 0.09)
(0.19198 0.018 0.09)
(0.1986 0.018 0.09)
(0.20522 0.018 0.09)
(0.21184 0.018 0.09)
(0.21846 0.018 0.09)
(0.22508 0.018 0.09)
(0.2317 0.018 0.09)
(0.0993 0 0.096)
(0.10592 0 0.096)
(0.11254 0 0.096)
(0.11916 0 0.096)
(0.12578 0 0.096)
(0.1324 0 0.096)
(0.13902 0 0.096)
(0.14564 0 0.096)
(0.15226 0 0.096)
(0.15888 0 0.096)
(0.1655 0 0.096)
(0.17212 0 0.096)
(0.17874 0 0.096)
(0.18536 0 0.096)
(0.19198 0 0.096)
(0.1986 0 0.096)
(0.20522 0 0.096)
(0.21184 0 0.096)
(0.21846 0 0.096)
(0.22508 0 0.096)
(0.2317 0 0.096)
(0.0993 0.006 0.096)
(0.10592 0.006 0.096)
(0.11254 0.006 0.096)
(0.11916 0.006 0.096)
(0.12578 0.006 0.096)
(0.1324 0.006 0.096)
(0.13902 0.006 0.096)
(0.14564 0.006 0.096)
(0.15226 0.006 0.096)
(0.15888 0.006 0.096)
(0.1655 0.006 0.096)
(0.17212 0.006 0.096)
(0.17874 0.006 0.096)
(0.18536 0.006 0.096)
(0.19198 0.006 0.096)
(0.1986 0.006 0.096)
(0.20522 0.006 0.096)
(0.21184 0.006 0.096)
(0.21846 0.006 0.096)
(0.22508 0.006 0.096)
(0.2317 0.006 0.096)
(0.0993 0.012 0.096)
(0.10592 0.012 0.096)
(0.11254 0.012 0.096)
(0.11916 0.012 0.096)
(0.12578 0.012 0.096)
(0.1324 0.012 0.096)
(0.13902 0.012 0.096)
(0.14564 0.012 0.096)
(0.15226 0.012 0.096)
(0.15888 0.012 0.096)
(0.1655 0.012 0.096)
(0.17212 0.012 0.096)
(0.17874 0.012 0.096)
(0.18536 0.012 0.096)
(0.19198 0.012 0.096)
(0.1986 0.012 0.096)
(0.20522 0.012 0.096)
(0.21184 0.012 0.096)
(0.21846 0.012 0.096)
(0.22508 0.012 0.096)
(0.2317 0.012 0.096)
(0.0993 0.018 0.096)
(0.10592 0.018 0.096)
(0.11254 0.018 0.096)
(0.11916 0.018 0.096)
(0.12578 0.018 0.096)
(0.1324 0.018 0.096)
(0.13902 0.018 0.096)
(0.14564 0.018 0.096)
(0.15226 0.018 0.096)
(0.15888 0.018 0.096)
(0.1655 0.018 0.096)
(0.17212 0.018 0.096)
(0.17874 0.018 0.096)
(0.18536 0.018 0.096)
(0.19198 0.018 0.096)
(0.1986 0.018 0.096)
(0.20522 0.018 0.096)
(0.21184 0.018 0.096)
(0.21846 0.018 0.096)
(0.22508 0.018 0.096)
(0.2317 0.018 0.096)
(0.0993 0 0.102)
(0.10592 0 0.102)
(0.11254 0 0.102)
(0.11916 0 0.102)
(0.12578 0 0.102)
(0.1324 0 0.102)
(0.13902 0 0.102)
(0.14564 0 0.102)
(0.15226 0 0.102)
(0.15888 0 0.102)
(0.1655 0 0.102)
(0.17212 0 0.102)
(0.17874 0 0.102)
(0.18536 0 0.102)
(0.19198 0 0.102)
(0.1986 0 0.102)
(0.20522 0 0.102)
(0.21184 0 0.102)
(0.21846 0 0.102)
(0.22508 0 0.102)
(0.2317 0 0.102)
(0.0993 0.006 0.102)
(0.10592 0.006 0.102)
(0.11254 0.006 0.102)
(0.11916 0.006 0.102)
(0.12578 0.006 0.102)
(0.1324 0.006 0.102)
(0.13902 0.006 0.102)
(0.14564 0.006 0.102)
(0.15226 0.006 0.102)
(0.15888 0.006 0.102)
(0.1655 0.006 0.102)
(0.17212 0.006 0.102)
(0.17874 0.006 0.102)
(0.18536 0.006 0.102)
(0.19198 0.006 0.102)
(0.1986 0.006 0.102)
(0.20522 0.006 0.102)
(0.21184 0.006 0.102)
(0.21846 0.006 0.102)
(0.22508 0.006 0.102)
(0.2317 0.006 0.102)
(0.0993 0.012 0.102)
(0.10592 0.012 0.102)
(0.11254 0.012 0.102)
(0.11916 0.012 0.102)
(0.12578 0.012 0.102)
(0.1324 0.012 0.102)
(0.13902 0.012 0.102)
(0.14564 0.012 0.102)
(0.15226 0.012 0.102)
(0.15888 0.012 0.102)
(0.1655 0.012 0.102)
(0.17212 0.012 0.102)
(0.17874 0.012 0.102)
(0.18536 0.012 0.102)
(0.19198 0.012 0.102)
(0.1986 0.012 0.102)
(0.20522 0.012 0.102)
(0.21184 0.012 0.102)
(0.21846 0.012 0.102)
(0.22508 0.012 0.102)
(0.2317 0.012 0.102)
(0.0993 0.018 0.102)
(0.10592 0.018 0.102)
(0.11254 0.018 0.102)
(0.11916 0.018 0.102)
(0.12578 0.018 0.102)
(0.1324 0.018 0.102)
(0.13902 0.018 0.102)
(0.14564 0.018 0.102)
(0.15226 0.018 0.102)
(0.15888 0.018 0.102)
(0.1655 0.018 0.102)
(0.17212 0.018 0.102)
(0.17874 0.018 0.102)
(0.18536 0.018 0.102)
(0.19198 0.018 0.102)
(0.1986 0.018 0.102)
(0.20522 0.018 0.102)
(0.21184 0.018 0.102)
(0.21846 0.018 0.102)
(0.22508 0.018 0.102)
(0.2317 0.018 0.102)
(0.0993 0 0.108)
(0.10592 0 0.108)
(0.11254 0 0.108)
(0.11916 0 0.108)
(0.12578 0 0.108)
(0.1324 0 0.108)
(0.13902 0 0.108)
(0.14564 0 0.108)
(0.15226 0 0.108)
(0.15888 0 0.108)
(0.1655 0 0.108)
(0.17212 0 0.108)
(0.17874 0 0.108)
(0.18536 0 0.108)
(0.19198 0 0.108)
(0.1986 0 0.108)
(0.20522 0 0.108)
(0.21184 0 0.108)
(0.21846 0 0.108)
(0.22508 0 0.108)
(0.2317 0 0.108)
(0.0993 0.006 0.108)
(0.10592 0.006 0.108)
(0.11254 0.006 0.108)
(0.11916 0.006 0.108)
(0.12578 0.006 0.108)
(0.1324 0.006 0.108)
(0.13902 0.006 0.108)
(0.14564 0.006 0.108)
(0.15226 0.006 0.108)
(0.15888 0.006 0.108)
(0.1655 0.006 0.108)
(0.17212 0.006 0.108)
(0.17874 0.006 0.108)
(0.18536 0.006 0.108)
(0.19198 0.006 0.108)
(0.1986 0.006 0.108)
(0.20522 0.006 0.108)
(0.21184 0.006 0.108)
(0.21846 0.006 0.108)
(0.22508 0.006 0.108)
(0.2317 0.006 0.108)
(0.0993 0.012 0.108)
(0.10592 0.012 0.108)
(0.11254 0.012 0.108)
(0.11916 0.012 0.108)
(0.12578 0.012 0.108)
(0.1324 0.012 0.108)
(0.13902 0.012 0.108)
(0.14564 0.012 0.108)
(0.15226 0.012 0.108)
(0.15888 0.012 0.108)
(0.1655 0.012 0.108)
(0.17212 0.012 0.108)
(0.17874 0.012 0.108)
(0.18536 0.012 0.108)
(0.19198 0.012 0.108)
(0.1986 0.012 0.108)
(0.20522 0.012 0.108)
(0.21184 0.012 0.108)
(0.21846 0.012 0.108)
(0.22508 0.012 0.108)
(0.2317 0.012 0.108)
(0.0993 0.018 0.108)
(0.10592 0.018 0.108)
(0.11254 0.018 0.108)
(0.11916 0.018 0.108)
(0.12578 0.018 0.108)
(0.1324 0.018 0.108)
(0.13902 0.018 0.108)
(0.14564 0.018 0.108)
(0.15226 0.018 0.108)
(0.15888 0.018 0.108)
(0.1655 0.018 0.108)
(0.17212 0.018 0.108)
(0.17874 0.018 0.108)
(0.18536 0.018 0.108)
(0.19198 0.018 0.108)
(0.1986 0.018 0.108)
(0.20522 0.018 0.108)
(0.21184 0.018 0.108)
(0.21846 0.018 0.108)
(0.22508 0.018 0.108)
(0.2317 0.018 0.108)
(0.0993 0 0.114)
(0.10592 0 0.114)
(0.11254 0 0.114)
(0.11916 0 0.114)
(0.12578 0 0.114)
(0.1324 0 0.114)
(0.13902 0 0.114)
(0.14564 0 0.114)
(0.15226 0 0.114)
(0.15888 0 0.114)
(0.1655 0 0.114)
(0.17212 0 0.114)
(0.17874 0 0.114)
(0.18536 0 0.114)
(0.19198 0 0.114)
(0.1986 0 0.114)
(0.20522 0 0.114)
(0.21184 0 0.114)
(0.21846 0 0.114)
(0.22508 0 0.114)
(0.2317 0 0.114)
(0.0993 0.006 0.114)
(0.10592 0.006 0.114)
(0.11254 0.006 0.114)
(0.11916 0.006 0.114)
(0.12578 0.006 0.114)
(0.1324 0.006 0.114)
(0.13902 0.006 0.114)
(0.14564 0.006 0.114)
(0.15226 0.006 0.114)
(0.15888 0.006 0.114)
(0.1655 0.006 0.114)
(0.17212 0.006 0.114)
(0.17874 0.006 0.114)
(0.18536 0.006 0.114)
(0.19198 0.006 0.114)
(0.1986 0.006 0.114)
(0.20522 0.006 0.114)
(0.21184 0.006 0.114)
(0.21846 0.006 0.114)
(0.22508 0.006 0.114)
(0.2317 0.006 0.114)
(0.0993 0.012 0.114)
(0.10592 0.012 0.114)
(0.11254 0.012 0.114)
(0.11916 0.012 0.114)
(0.12578 0.012 0.114)
(0.1324 0.012 0.114)
(0.13902 0.012 0.114)
(0.14564 0.012 0.114)
(0.15226 0.012 0.114)
(0.15888 0.012 0.114)
(0.1655 0.012 0.114)
(0.17212 0.012 0.114)
(0.17874 0.012 0.114)
(0.18536 0.012 0.114)
(0.19198 0.012 0.114)
(0.1986 0.012 0.114)
(0.20522 0.012 0.114)
(0.21184 0.012 0.114)
(0.21846 0.012 0.114)
(0.22508 0.012 0.114)
(0.2317 0.012 0.114)
(0.0993 0.018 0.114)
(0.10592 0.018 0.114)
(0.11254 0.018 0.114)
(0.11916 0.018 0.114)
(0.12578 0.018 0.114)
(0.1324 0.018 0.114)
(0.13902 0.018 0.114)
(0.14564 0.018 0.114)
(0.15226 0.018 0.114)
(0.15888 0.018 0.114)
(0.1655 0.018 0.114)
(0.17212 0.018 0.114)
(0.17874 0.018 0.114)
(0.18536 0.018 0.114)
(0.19198 0.018 0.114)
(0.1986 0.018 0.114)
(0.20522 0.018 0.114)
(0.21184 0.018 0.114)
(0.21846 0.018 0.114)
(0.22508 0.018 0.114)
(0.2317 0.018 0.114)
(0.0993 0 0.12)
(0.10592 0 0.12)
(0.11254 0 0.12)
(0.11916 0 0.12)
(0.12578 0 0.12)
(0.1324 0 0.12)
(0.13902 0 0.12)
(0.14564 0 0.12)
(0.15226 0 0.12)
(0.15888 0 0.12)
(0.1655 0 0.12)
(0.17212 0 0.12)
(0.17874 0 0.12)
(0.18536 0 0.12)
(0.19198 0 0.12)
(0.1986 0 0.12)
(0.20522 0 0.12)
(0.21184 0 0.12)
(0.21846 0 0.12)
(0.22508 0 0.12)
(0.2317 0 0.12)
(0.0993 0.006 0.12)
(0.10592 0.006 0.12)
(0.11254 0.006 0.12)
(0.11916 0.006 0.12)
(0.12578 0.006 0.12)
(0.1324 0.006 0.12)
(0.13902 0.006 0.12)
(0.14564 0.006 0.12)
(0.15226 0.006 0.12)
(0.15888 0.006 0.12)
(0.1655 0.006 0.12)
(0.17212 0.006 0.12)
(0.17874 0.006 0.12)
(0.18536 0.006 0.12)
(0.19198 0.006 0.12)
(0.1986 0.006 0.12)
(0.20522 0.006 0.12)
(0.21184 0.006 0.12)
(0.21846 0.006 0.12)
(0.22508 0.006 0.12)
(0.2317 0.006 0.12)
(0.0993 0.012 0.12)
(0.10592 0.012 0.12)
(0.11254 0.012 0.12)
(0.11916 0.012 0.12)
(0.12578 0.012 0.12)
(0.1324 0.012 0.12)
(0.13902 0.012 0.12)
(0.14564 0.012 0.12)
(0.15226 0.012 0.12)
(0.15888 0.012 0.12)
(0.1655 0.012 0.12)
(0.17212 0.012 0.12)
(0.17874 0.012 0.12)
(0.18536 0.012 0.12)
(0.19198 0.012 0.12)
(0.1986 0.012 0.12)
(0.20522 0.012 0.12)
(0.21184 0.012 0.12)
(0.21846 0.012 0.12)
(0.22508 0.012 0.12)
(0.2317 0.012 0.12)
(0.0993 0.018 0.12)
(0.10592 0.018 0.12)
(0.11254 0.018 0.12)
(0.11916 0.018 0.12)
(0.12578 0.018 0.12)
(0.1324 0.018 0.12)
(0.13902 0.018 0.12)
(0.14564 0.018 0.12)
(0.15226 0.018 0.12)
(0.15888 0.018 0.12)
(0.1655 0.018 0.12)
(0.17212 0.018 0.12)
(0.17874 0.018 0.12)
(0.18536 0.018 0.12)
(0.19198 0.018 0.12)
(0.1986 0.018 0.12)
(0.20522 0.018 0.12)
(0.21184 0.018 0.12)
(0.21846 0.018 0.12)
(0.22508 0.018 0.12)
(0.2317 0.018 0.12)
(0.0993 0 0.126)
(0.10592 0 0.126)
(0.11254 0 0.126)
(0.11916 0 0.126)
(0.12578 0 0.126)
(0.1324 0 0.126)
(0.13902 0 0.126)
(0.14564 0 0.126)
(0.15226 0 0.126)
(0.15888 0 0.126)
(0.1655 0 0.126)
(0.17212 0 0.126)
(0.17874 0 0.126)
(0.18536 0 0.126)
(0.19198 0 0.126)
(0.1986 0 0.126)
(0.20522 0 0.126)
(0.21184 0 0.126)
(0.21846 0 0.126)
(0.22508 0 0.126)
(0.2317 0 0.126)
(0.0993 0.006 0.126)
(0.10592 0.006 0.126)
(0.11254 0.006 0.126)
(0.11916 0.006 0.126)
(0.12578 0.006 0.126)
(0.1324 0.006 0.126)
(0.13902 0.006 0.126)
(0.14564 0.006 0.126)
(0.15226 0.006 0.126)
(0.15888 0.006 0.126)
(0.1655 0.006 0.126)
(0.17212 0.006 0.126)
(0.17874 0.006 0.126)
(0.18536 0.006 0.126)
(0.19198 0.006 0.126)
(0.1986 0.006 0.126)
(0.20522 0.006 0.126)
(0.21184 0.006 0.126)
(0.21846 0.006 0.126)
(0.22508 0.006 0.126)
(0.2317 0.006 0.126)
(0.0993 0.012 0.126)
(0.10592 0.012 0.126)
(0.11254 0.012 0.126)
(0.11916 0.012 0.126)
(0.12578 0.012 0.126)
(0.1324 0.012 0.126)
(0.13902 0.012 0.126)
(0.14564 0.012 0.126)
(0.15226 0.012 0.126)
(0.15888 0.012 0.126)
(0.1655 0.012 0.126)
(0.17212 0.012 0.126)
(0.17874 0.012 0.126)
(0.18536 0.012 0.126)
(0.19198 0.012 0.126)
(0.1986 0.012 0.126)
(0.20522 0.012 0.126)
(0.21184 0.012 0.126)
(0.21846 0.012 0.126)
(0.22508 0.012 0.126)
(0.2317 0.012 0.126)
(0.0993 0.018 0.126)
(0.10592 0.018 0.126)
(0.11254 0.018 0.126)
(0.11916 0.018 0.126)
(0.12578 0.018 0.126)
(0.1324 0.018 0.126)
(0.13902 0.018 0.126)
(0.14564 0.018 0.126)
(0.15226 0.018 0.126)
(0.15888 0.018 0.126)
(0.1655 0.018 0.126)
(0.17212 0.018 0.126)
(0.17874 0.018 0.126)
(0.18536 0.018 0.126)
(0.19198 0.018 0.126)
(0.1986 0.018 0.126)
(0.20522 0.018 0.126)
(0.21184 0.018 0.126)
(0.21846 0.018 0.126)
(0.22508 0.018 0.126)
(0.2317 0.018 0.126)
)


// ************************************************************************* //
